block_timestamp,from_address,to_address,value,from_address_type,to_address_type
2021-09-24 03:31:04+00:00,0xe5782724e87bcd5a1f48737ff6cfeaf875ab5873,0x28c6c06298d514db089934071355e5743bf21d60,299.974238711,EOA,EOA
2021-09-24 03:31:04+00:00,0x94c731f76b87fa5ea934230ef0f0dd984ba45453,0x28c6c06298d514db089934071355e5743bf21d60,199.996556,EOA,EOA
2021-09-24 03:31:04+00:00,0x6ae68156ed97fbf8ad19dbef7fb73c382440cd6c,0xb275483694d627242e77b95630168da4aec5da83,192.7624408623868,EOA,EOA
2021-09-24 03:31:47+00:00,0x6a8b40fb25a90a09151453aa79d569a7279f1ff6,0x7be8076f4ea4a4ad08075c2508e481d6c946d12b,37.5,EOA,Contract
2021-09-24 03:35:34+00:00,0xcb6bdd98c4c0aa166a3454b84cdcce8f6f5c3c94,0xdc24316b9ae028f1497c275eb9192a3ea0f67022,150.0,EOA,Contract
2021-09-24 03:37:40+00:00,0x83a52c84f0d3ab541b8ccb3233e1c994f760226f,0x5df15f42500aea8d1689241ce347317f7590d19d,3400.0,EOA,EOA
2021-09-24 03:38:27+00:00,0xae7861c80d03826837a50b45aecf11ec677f6586,0xd9e1ce17f2641f24ae83637ab66a2cca9c378b9f,32.0,EOA,Contract
2021-09-24 03:39:15+00:00,0x3dc8df7bde6883b65d0203465fbff8a33d5c8a9e,0xa2569370a9d4841c9a62fc51269110f2eb7e0171,34.45,EOA,Contract
2021-09-24 03:40:09+00:00,0xc098b2a3aa256d2140208c3de6543aaef5cd3a94,0xedc7001e99a37c3d23b5f7974f837387e09f9c93,713.999,EOA,EOA
2021-09-24 03:40:37+00:00,0xd8a4f14f9f988608b67383897348c7e1125223e9,0xeadef29259b794a8c0476a30112338b2eaf23a25,600.4402322893271,EOA,EOA
2021-09-24 03:43:05+00:00,0xedc7001e99a37c3d23b5f7974f837387e09f9c93,0xddfabcdc4d8ffc6d5beaf154f18b778f892a0740,713.9984449369188,EOA,EOA
2021-09-24 03:46:16+00:00,0x7fe02ca835b711928505ea6725ccca6dce6db9e7,0x4dbd4fc535ac27206064b68ffcf827b0a60bab3f,50.0,EOA,Contract
2021-09-24 03:46:41+00:00,0x0b90ba95a2f87eddce1432f1d176266f65a41b1d,0xeb948a23f8b7e32701321ecc2b06b7939f7277eb,470.83,EOA,EOA
2021-09-24 03:48:09+00:00,0xa748821d7476dc8dce2bcfed60c332560a3196b9,0x30093f4c35626a182f179496ffbf6da6a2ce47f2,150.0,EOA,EOA
2021-09-24 03:49:03+00:00,0x651e3636bc5011e58db3ba8026ad20173a8f3eed,0x1a2a1c938ce3ec39b6d47113c7955baa9dd454f2,32.5,EOA,Contract
2021-09-24 03:49:21+00:00,0xbaed383ede0e5d9d72430661f3285daa77e9439f,0x1db92e2eebc8e0c075a02bea49a2935bcd2dfcf4,40.73626197352515,EOA,Contract
2021-09-24 03:50:25+00:00,0x76c9e5fd2f7dcce61dadec5000b74fc0dff88a42,0x1f0bc04782a5e94be2ca2e041da9e3689976e490,160.418957674,EOA,EOA
2021-09-24 03:51:28+00:00,0x40b62a281a9a32bda51433a827236f7c9cbf3e6c,0x4dbd4fc535ac27206064b68ffcf827b0a60bab3f,48.0,EOA,Contract
2021-09-24 03:51:32+00:00,0xead5b7d86c681c036c59cd00a0390541061c69f2,0x4dbd4fc535ac27206064b68ffcf827b0a60bab3f,44.7,EOA,Contract
2021-09-24 03:51:55+00:00,0x1262d7470ce687d5d7eb89db15f5c8a183b3eaa2,0xb47e3cd837ddf8e4c57f05d70ab865de6e193bbb,108.0,EOA,Contract
2021-09-24 03:52:04+00:00,0xa7efae728d2936e78bda97dc267687568dd593f3,0xd971aaa92648db32d5975e172ff3b7936f43892f,450.0,EOA,EOA
2021-09-24 03:52:04+00:00,0x53e362f2a9943f58ea71555ae9c9623f25076b97,0xc02aaa39b223fe8d0a0e5c4f27ead9083c756cc2,31.404780249214394,EOA,Contract
2021-09-24 03:52:15+00:00,0x6d790d9e11e8bf869cb4c8d800f5fe57d94fb8e7,0xb47e3cd837ddf8e4c57f05d70ab865de6e193bbb,114.9,EOA,Contract
2021-09-24 03:52:18+00:00,0xa7efae728d2936e78bda97dc267687568dd593f3,0x4aa710ac0ce042ae3395dfd08ad079259eae669e,200.0,EOA,EOA
2021-09-24 03:52:23+00:00,0xc098b2a3aa256d2140208c3de6543aaef5cd3a94,0x0000f079e68bbcc79ab9600ace786b0a4db1c83c,2806.999,EOA,EOA
2021-09-24 03:52:23+00:00,0xd971aaa92648db32d5975e172ff3b7936f43892f,0xfa52274dd61e1643d2205169732f29114bc240b3,449.99795998726603,EOA,Contract
2021-09-24 03:53:47+00:00,0x0000f079e68bbcc79ab9600ace786b0a4db1c83c,0x0000006daea1723962647b7e189d311d757fb793,2807.0000000000005,EOA,Contract
2021-09-24 03:54:33+00:00,0x4ad64983349c49defe8d7a4686202d24b25d0ce8,0xe5782724e87bcd5a1f48737ff6cfeaf875ab5873,299.806,EOA,EOA
2021-09-24 03:55:04+00:00,0x4aa710ac0ce042ae3395dfd08ad079259eae669e,0x28ffe35688ffffd0659aee2e34778b0ae4e193ad,199.998824,EOA,EOA
2021-09-24 03:55:04+00:00,0xc803698a4be31f0b9035b6eba17623698f3e2f82,0x7a250d5630b4cf539739df2c5dacb4c659f2488d,100.0,EOA,Contract
2021-09-24 03:55:04+00:00,0x0c498804369755445fd0ba755bbbdcff2d3ff34e,0x11111112542d85b3ef69ae05771c2dccff4faa26,88.0,EOA,Contract
2021-09-24 03:55:04+00:00,0x22e6cdddcaa4c7f188c5e9c9be63f955186ffcd1,0xd9e1ce17f2641f24ae83637ab66a2cca9c378b9f,40.49782023925767,EOA,Contract
2021-09-24 03:55:04+00:00,0xa7efae728d2936e78bda97dc267687568dd593f3,0x8cc1b5a7e43d6196660846e1c66e9c92fad6b9f8,200.0,EOA,Contract
2021-09-24 03:57:05+00:00,0x21a31ee1afc51d94c2efccaa2092ad1028285549,0x95a0b44b16231852fa54ece6e55acb8ef2885854,124.995,EOA,Contract
2021-09-24 03:58:44+00:00,0x848d47d6a68fc0ce61e234257fa7024c59d331dc,0xc02aaa39b223fe8d0a0e5c4f27ead9083c756cc2,48.22050654983353,EOA,Contract
2021-09-24 03:58:44+00:00,0x53e362f2a9943f58ea71555ae9c9623f25076b97,0x3993d34e7e99abf6b6f367309975d1360222d446,31.0,EOA,Contract
2021-09-24 03:58:44+00:00,0x26bd6506047df127bb744049fe0e30d4ae18de2f,0x881d40237659c251811cec9c364ef91dc08d300c,46.4,EOA,Contract
2021-09-24 03:59:46+00:00,0xa4d0add0058d26916b6e449f9375e9af8f6c1eb4,0xb47e3cd837ddf8e4c57f05d70ab865de6e193bbb,108.0,EOA,Contract
2021-09-24 03:59:48+00:00,0xc1e42f862d202b4a0ed552c1145735ee088f6ccf,0x3993d34e7e99abf6b6f367309975d1360222d446,44.90889758,EOA,Contract
2021-09-24 03:59:48+00:00,0x2f02c976a0311e7edac8a465d151d20b2be7bf28,0xae7ab96520de3a18e5e111b5eaab095312d7fe84,55.0,EOA,Contract
2021-09-24 03:59:48+00:00,0xc5ed2333f8a2c351fca35e5ebadb2a82f5d254c3,0x3507e4978e0eb83315d20df86ca0b976c0e40ccb,120699.16518473567,EOA,EOA
2021-09-24 04:00:11+00:00,0x675868c6be2c17be0a92d747f7ef0717db6ca561,0x11111112542d85b3ef69ae05771c2dccff4faa26,35.0,EOA,Contract
2021-09-24 04:01:56+00:00,0xeb948a23f8b7e32701321ecc2b06b7939f7277eb,0x28c6c06298d514db089934071355e5743bf21d60,470.846115,EOA,EOA
2021-09-24 04:01:56+00:00,0xe5782724e87bcd5a1f48737ff6cfeaf875ab5873,0x28c6c06298d514db089934071355e5743bf21d60,299.8001387,EOA,EOA
2021-09-24 04:02:13+00:00,0x3034748e59942ae3956519c081f46b5f23c31024,0x28c6c06298d514db089934071355e5743bf21d60,300.006366877,EOA,EOA
2021-09-24 04:02:13+00:00,0x56eddb7aa87536c09ccc2793473599fd21a8b17f,0xb3c839dbde6b96d37c56ee4f9dad3390d49310aa,219.995,EOA,Contract
2021-09-24 04:02:13+00:00,0x944f9f9b31f4de729b60e2c0b89de7cbdd5ac878,0xb47e3cd837ddf8e4c57f05d70ab865de6e193bbb,103.0,EOA,Contract
2021-09-24 04:03:11+00:00,0xd4ee4919fb37f2bb970c3fff54aaf1f3dda6c03f,0xc36442b4a4522e871399cd717abdd847ab11fe88,680.0,EOA,Contract
2021-09-24 04:03:27+00:00,0xc333e80ef2dec2805f239e3f1e810612d294f771,0x788ca5ffc2359651de13a895c9123e6087588515,330.0,EOA,EOA
2021-09-24 04:03:27+00:00,0xddfabcdc4d8ffc6d5beaf154f18b778f892a0740,0xfa103c21ea2df71dfb92b0652f8b1d795e51cdef,1300.17780881,EOA,Contract
2021-09-24 04:03:27+00:00,0xc098b2a3aa256d2140208c3de6543aaef5cd3a94,0xca3ac4f946b997db24515a7ae7779f2e587d5a26,563.0,EOA,EOA
2021-09-24 04:04:02+00:00,0xca3ac4f946b997db24515a7ae7779f2e587d5a26,0xddfabcdc4d8ffc6d5beaf154f18b778f892a0740,562.999425476799,EOA,EOA
2021-09-24 04:04:25+00:00,0x59e509825cd008fdfb789f1275478a5f70f23060,0xfa52274dd61e1643d2205169732f29114bc240b3,129.99794205531623,EOA,Contract
2021-09-24 04:05:12+00:00,0xa7efae728d2936e78bda97dc267687568dd593f3,0xab680dd6cfed26b6e2d329fb5662892daed58ede,810.0,EOA,EOA
2021-09-24 04:06:29+00:00,0xdfd5293d8e347dfe59e90efd55b2956a1343963d,0xf15cf23224f3916f7ed48db51694885199d35405,2000.0,EOA,EOA
2021-09-24 04:08:16+00:00,0x6fc48de8f167456b7aa27dd4ecfabba329ea623d,0x89c14b559245ed1be310e4c6094c704da67e2d29,190.0,EOA,EOA
2021-09-24 04:08:16+00:00,0x7eac94ecd60738ebce2baa48004e31e69481a837,0x7be8076f4ea4a4ad08075c2508e481d6c946d12b,38.0,EOA,Contract
2021-09-24 04:10:03+00:00,0xf15cf23224f3916f7ed48db51694885199d35405,0xddfabcdc4d8ffc6d5beaf154f18b778f892a0740,1999.997585,EOA,EOA
2021-09-24 04:10:46+00:00,0xbb98f2a83d78310342da3e63278ce7515d52619d,0x1333c53a798547126ca04647ba925485a6fa7aad,251.043,EOA,EOA
2021-09-24 04:10:46+00:00,0x376a6efe8e98f3ae2af230b3d45b8cc5e962bc27,0x11111112542d85b3ef69ae05771c2dccff4faa26,331.0,EOA,Contract
2021-09-24 04:12:02+00:00,0x78c685e1e59becf5310d6152cb4a019f187a42c4,0xf27a96a76919ac61953fd8cc32f949427c594d04,43.99389888791373,EOA,Contract
2021-09-24 04:12:02+00:00,0xd24400ae8bfebb18ca49be86258a3c749cf46853,0x15e4a95a5b09016881662e126e088757c1edc8d3,381.0,EOA,EOA
2021-09-24 04:13:08+00:00,0x9ed5986b9b0fe8fc380bb9cf9f6fc8798e5aee78,0xdef1c0ded9bec7f1a1670819833240f027b25eff,173.2797,EOA,Contract
2021-09-24 04:13:33+00:00,0x68803ac6443605374b029836c356964550596dc4,0x7be8076f4ea4a4ad08075c2508e481d6c946d12b,42.75,EOA,Contract
2021-09-24 04:14:27+00:00,0x4976a4a02f38326660d17bf34b431dc6e2eb2327,0xca5d3087c2d3c8b4d1fd0a6bb55ef830ae9e3cea,171.6751056,EOA,EOA
2021-09-24 04:14:27+00:00,0xb22148fe0c7ac41f3659e4d72a8f5a433bfb591b,0x52981e2cf42671f16ebeaaf9b3f60736ac0173f7,33.81143531317323,EOA,Contract
2021-09-24 04:14:47+00:00,0x15e4a95a5b09016881662e126e088757c1edc8d3,0x4f6742badb049791cd9a37ea913f2bac38d01279,430.999076,EOA,EOA
2021-09-24 04:14:50+00:00,0xfe2f279d3679bac2d07cf46c93503410ef9ca448,0x7be8076f4ea4a4ad08075c2508e481d6c946d12b,78.0,EOA,Contract
2021-09-24 04:15:35+00:00,0x8779c4afaefb097d4138698fc7200897089d5e5d,0xb47e3cd837ddf8e4c57f05d70ab865de6e193bbb,115.69,EOA,Contract
2021-09-24 04:15:47+00:00,0x56178a0d5f301baf6cf3e1cd53d9863437345bf9,0x4ddc2d193948926d02f9b1fe9e1daa0718270ed5,179.01771224442322,EOA,Contract
2021-09-24 04:15:47+00:00,0x4976a4a02f38326660d17bf34b431dc6e2eb2327,0xb3c839dbde6b96d37c56ee4f9dad3390d49310aa,299.995,EOA,Contract
2021-09-24 04:16:00+00:00,0xeffdc093dfa1b8f008e3d6982e12ed30e1e7bf03,0xe592427a0aece92de3edee1f18e0157c05861564,61.791448596,EOA,Contract
2021-09-24 04:17:42+00:00,0x272c39c82ca9f10e5338a6ee75927cfe00c82e2c,0xa2569370a9d4841c9a62fc51269110f2eb7e0171,94.0,EOA,Contract
2021-09-24 04:17:42+00:00,0xc098b2a3aa256d2140208c3de6543aaef5cd3a94,0x19bc2e984a2e3bc5453c693d2f9617be9e508f92,508.108,EOA,EOA
2021-09-24 04:18:42+00:00,0xd4ee4919fb37f2bb970c3fff54aaf1f3dda6c03f,0xc36442b4a4522e871399cd717abdd847ab11fe88,633.0,EOA,Contract
2021-09-24 04:19:10+00:00,0xb5d85cbf7cb3ee0d56b3bb207d5fc4b82f43f511,0xf79a1844e66e4f89d755bc99941078dff4e99218,378.9774674272645,EOA,EOA
2021-09-24 04:19:24+00:00,0x19bc2e984a2e3bc5453c693d2f9617be9e508f92,0xeb2629a2734e272bcc07bda959863f316f4bd4cf,508.1069474098474,EOA,EOA
2021-09-24 04:20:07+00:00,0x28779641dc1a4a02f9163ef9f240731aafe54f64,0xdc24316b9ae028f1497c275eb9192a3ea0f67022,37.52175929,EOA,Contract
2021-09-24 04:21:49+00:00,0x82e4a1fd824378e3cfe8218a1538eabe9bf94df0,0xc02aaa39b223fe8d0a0e5c4f27ead9083c756cc2,35.0,EOA,Contract
2021-09-24 04:21:49+00:00,0x9696f59e4d72e237be84ffd425dcad154bf96976,0xf584f8728b874a6a5c7a8d4d387c9aae9172d621,258.0,EOA,EOA
2021-09-24 04:21:49+00:00,0x43c3382a5514d798e658f4019ba4d8e47f51ab65,0x892e9e24aea3f27f4c6e9360e312cce93cc98ebe,319.0,EOA,EOA
2021-09-24 04:24:35+00:00,0x8df4f43e9c45b4df9db243677a29b03a909032c5,0x881d40237659c251811cec9c364ef91dc08d300c,100.0,EOA,Contract
2021-09-24 04:27:53+00:00,0x008f2200080fc0aef4b589e5c26e954f73870f52,0xe592427a0aece92de3edee1f18e0157c05861564,155.0,EOA,Contract
2021-09-24 04:27:53+00:00,0x4976a4a02f38326660d17bf34b431dc6e2eb2327,0xfa103c21ea2df71dfb92b0652f8b1d795e51cdef,1301.7288,EOA,Contract
2021-09-24 04:29:51+00:00,0xa0539ffecbcc3ba91f675842a1d90b51d06df1b2,0x72e5263ff33d2494692d7f94a758aa9f82062f73,260.7,EOA,EOA
2021-09-24 04:31:21+00:00,0x008f2200080fc0aef4b589e5c26e954f73870f52,0xc36442b4a4522e871399cd717abdd847ab11fe88,143.69693772451316,EOA,Contract
2021-09-24 04:31:21+00:00,0x1914a99d508ebc058999adc79b8f3d4a80eefc8d,0xe592427a0aece92de3edee1f18e0157c05861564,50.0,EOA,Contract
2021-09-24 04:31:36+00:00,0x3507e4978e0eb83315d20df86ca0b976c0e40ccb,0x28c6c06298d514db089934071355e5743bf21d60,120699.15849782666,EOA,EOA
2021-09-24 04:31:36+00:00,0xab680dd6cfed26b6e2d329fb5662892daed58ede,0x28c6c06298d514db089934071355e5743bf21d60,810.018236,EOA,EOA
2021-09-24 04:31:36+00:00,0xc098b2a3aa256d2140208c3de6543aaef5cd3a94,0xf3f5c252e8acd60671f92c7f72cf33661221ef42,249.29015811,EOA,EOA
2021-09-24 04:31:36+00:00,0x892e9e24aea3f27f4c6e9360e312cce93cc98ebe,0x28c6c06298d514db089934071355e5743bf21d60,318.998656,EOA,EOA
2021-09-24 04:33:20+00:00,0xc16414ac1fedfdac4f8a09674d994e1bbb9d7113,0xdef1c0ded9bec7f1a1670819833240f027b25eff,100.36167799176395,EOA,Contract
2021-09-24 04:33:41+00:00,0x4ad64983349c49defe8d7a4686202d24b25d0ce8,0x052a7996370f4c465cc45b2786ce8e4485a5752e,137.02191638,EOA,Contract
2021-09-24 04:33:41+00:00,0x73f8fc2e74302eb2efda125a326655acf0dc2d1b,0x402179e18851a75c987b051afaf6e85d41f5b35e,70.01009354,EOA,Contract
2021-09-24 04:34:39+00:00,0x59a5208b32e627891c389ebafc644145224006e8,0xaa2b647cbf5b0bda4adab7ed0e9461f8ef63a6c2,44.50158002,EOA,Contract
2021-09-24 04:34:51+00:00,0xd0cc1e6c51e1c0cfbf4ad99a67333d4c49a48e13,0x59a95b3b7a7d32073d6118ceddaf1b96c27c358e,200.0,EOA,EOA
2021-09-24 04:34:51+00:00,0xe815c19abef49d1a6cee179a0d03dcd950448269,0xc02aaa39b223fe8d0a0e5c4f27ead9083c756cc2,35.07008454377228,EOA,Contract
2021-09-24 04:36:15+00:00,0x9ae383135ef1ead2bab41c1f97640d51ae8f458f,0xd9e1ce17f2641f24ae83637ab66a2cca9c378b9f,87.0,EOA,Contract
2021-09-24 04:36:27+00:00,0x9696f59e4d72e237be84ffd425dcad154bf96976,0x68da42e363fdc638062b77faeacd68eea45f605c,191.995,EOA,EOA
2021-09-24 04:38:13+00:00,0x78765246d67f76a4f2f2c71cef5f83ce0fbd6e99,0xb47e3cd837ddf8e4c57f05d70ab865de6e193bbb,113.8,EOA,Contract
2021-09-24 04:39:11+00:00,0xb04c0eb29c72cebc467b9d4944d29116fa02c44a,0x11e23e0c69932533717e8bbe4d8bfd3561cb58be,324.83666666669995,EOA,EOA
2021-09-24 04:39:18+00:00,0x0392b64b8bfda184f0a72ce37d73dc7df978c4f7,0x11e23e0c69932533717e8bbe4d8bfd3561cb58be,324.83666666669995,EOA,EOA
2021-09-24 04:39:58+00:00,0xf64469644e2e8eed55ec9cf63aebda52ef8e178a,0xc02aaa39b223fe8d0a0e5c4f27ead9083c756cc2,90.5,EOA,Contract
2021-09-24 04:39:58+00:00,0xf598b81ef8c7b52a7f2a89253436e72ec6dc871f,0x11e23e0c69932533717e8bbe4d8bfd3561cb58be,324.83666666669995,EOA,EOA
2021-09-24 04:40:30+00:00,0x28c6c06298d514db089934071355e5743bf21d60,0xf977814e90da44bfa03b6295a0616a897441acec,288425.68934564,EOA,EOA
2021-09-24 04:46:35+00:00,0xa95f2ce82294ee8596abc7411f25d89d840265f4,0xa2b27d099a16d73808cd8c8edeee0f71c26d9434,500.0,EOA,EOA
2021-09-24 04:47:53+00:00,0x764ef1cda89af77c4458ea1b70fc65c48f3f7954,0xba5ebaf3fc1fcca67147050bf80462393814e54b,40.0,EOA,Contract
2021-09-24 04:48:08+00:00,0xfe51c1bbb0147955d186f0a7ef8c9889b85ecdb1,0xb47e3cd837ddf8e4c57f05d70ab865de6e193bbb,108.0,EOA,Contract
2021-09-24 04:48:56+00:00,0x6ae932336a0daef53c06d0a16ddad1ae3504608b,0x3eabbe5cd8eb81ad564576892e90781087fd769d,166.7557186802081,EOA,EOA
2021-09-24 04:48:56+00:00,0x89c14b559245ed1be310e4c6094c704da67e2d29,0xa95f2ce82294ee8596abc7411f25d89d840265f4,189.99800609020812,EOA,EOA
2021-09-24 04:50:49+00:00,0x59a95b3b7a7d32073d6118ceddaf1b96c27c358e,0xefb2e870b14d7e555a31b392541acf002dae6ae9,200.03495825973152,EOA,EOA
2021-09-24 04:50:49+00:00,0xd88ca0d95a7dc7513e1b30784f5937d3d987981b,0xe592427a0aece92de3edee1f18e0157c05861564,50.0,EOA,Contract
2021-09-24 04:51:24+00:00,0xaad129ddc58f30625180cdc8bc21e54e427967c4,0xe592427a0aece92de3edee1f18e0157c05861564,43.0,EOA,Contract
2021-09-24 04:51:24+00:00,0x7137a28ddc94fdd974018de5da67da24018cbf66,0x5ed54861901eb36fe7771c90fa13e646a141d851,1999.0,EOA,EOA
2021-09-24 04:52:41+00:00,0x78765246d67f76a4f2f2c71cef5f83ce0fbd6e99,0xb47e3cd837ddf8e4c57f05d70ab865de6e193bbb,109.99,EOA,Contract
2021-09-24 04:53:44+00:00,0x2536c09e5f5691498805884fa37811be3b2bddb4,0xc310e760778ecbca4c65b6c559874757a4c4ece0,99.005,EOA,Contract
2021-09-24 04:54:29+00:00,0x3eabbe5cd8eb81ad564576892e90781087fd769d,0xa2b27d099a16d73808cd8c8edeee0f71c26d9434,499.25943708,EOA,EOA
2021-09-24 04:54:42+00:00,0x5ed54861901eb36fe7771c90fa13e646a141d851,0x03f34be1bf910116595db1b11e9d1b2ca5d59659,888.0,EOA,Contract
2021-09-24 04:55:48+00:00,0x5ed54861901eb36fe7771c90fa13e646a141d851,0x03f34be1bf910116595db1b11e9d1b2ca5d59659,888.0,EOA,Contract
2021-09-24 04:55:52+00:00,0x37d46b2fd791eea283ccb5cff661b0135fd4d637,0xfa52274dd61e1643d2205169732f29114bc240b3,63.948091508023474,EOA,Contract
2021-09-24 04:56:31+00:00,0xddfabcdc4d8ffc6d5beaf154f18b778f892a0740,0xab02469559a8a4ac1131c99b018f4a9314f12c06,200.0,EOA,EOA
2021-09-24 04:57:43+00:00,0x5ed54861901eb36fe7771c90fa13e646a141d851,0x03f34be1bf910116595db1b11e9d1b2ca5d59659,223.0,EOA,Contract
2021-09-24 04:58:44+00:00,0x62635be26a5ff702db7fee28464acde8f9091c58,0xae7ab96520de3a18e5e111b5eaab095312d7fe84,120.0,EOA,Contract
2021-09-24 05:01:02+00:00,0x1914a99d508ebc058999adc79b8f3d4a80eefc8d,0xe592427a0aece92de3edee1f18e0157c05861564,51.0,EOA,Contract
2021-09-24 05:01:42+00:00,0xa2b27d099a16d73808cd8c8edeee0f71c26d9434,0x28c6c06298d514db089934071355e5743bf21d60,999.25832408,EOA,EOA
2021-09-24 05:02:35+00:00,0xb8f53b15e4e0d75890c0e9be74706eef00aa6800,0xe00a51c8f5a645dad33218d9974ca3f9b6c4af1d,2007.6720731573803,EOA,EOA
2021-09-24 05:03:53+00:00,0x6254b927ecc25ddd233aaecd5296d746b1c006b4,0x6767526a362ec6c6b1df185478e4f01506b73ff3,200.595,EOA,EOA
2021-09-24 05:03:53+00:00,0x43b7b943595dd87d72bb878da8d3a7888acee9ec,0x11111112542d85b3ef69ae05771c2dccff4faa26,285.0,EOA,Contract
2021-09-24 05:04:19+00:00,0x1914a99d508ebc058999adc79b8f3d4a80eefc8d,0xe592427a0aece92de3edee1f18e0157c05861564,48.0,EOA,Contract
2021-09-24 05:05:37+00:00,0xd9c0bfdf37fec4f0582e23b8da7ee486885ff214,0xd9e1ce17f2641f24ae83637ab66a2cca9c378b9f,135.64952057119032,EOA,Contract
2021-09-24 05:05:42+00:00,0xe00a51c8f5a645dad33218d9974ca3f9b6c4af1d,0x0577a79cfc63bbc0df38833ff4c4a3bf2095b404,2007.678828953,EOA,EOA
2021-09-24 05:07:22+00:00,0x21a31ee1afc51d94c2efccaa2092ad1028285549,0xe3792a9c235d434b702023b33f03c48c41631090,350.14562418,EOA,EOA
2021-09-24 05:08:23+00:00,0x7f825bd2dcf3b139d476138df8b5eb6c48a6916c,0x11111112542d85b3ef69ae05771c2dccff4faa26,100.0,EOA,Contract
2021-09-24 05:09:45+00:00,0x6fc48de8f167456b7aa27dd4ecfabba329ea623d,0xe3792a9c235d434b702023b33f03c48c41631090,176.5632341,EOA,EOA
2021-09-24 05:12:28+00:00,0x7b2a75973fe88de1c83adf2a293d0ec9c60d41ef,0x7c443200dcb75343b244cf981b4c6652e7d5c222,157.53895818293358,EOA,EOA
2021-09-24 05:14:05+00:00,0xd24400ae8bfebb18ca49be86258a3c749cf46853,0xe1e5038f3be162b128b5fe128ca099762b1c426a,200.0,EOA,EOA
2021-09-24 05:15:28+00:00,0xd24400ae8bfebb18ca49be86258a3c749cf46853,0xe1e5038f3be162b128b5fe128ca099762b1c426a,200.0,EOA,EOA
2021-09-24 05:15:28+00:00,0x12bb2d969b59ff2830c1c6d760a2b87e8204109c,0x881d40237659c251811cec9c364ef91dc08d300c,75.0,EOA,Contract
2021-09-24 05:15:40+00:00,0x42ad05d4f56456230c023cd023ddbc9935903ab4,0x11111112542d85b3ef69ae05771c2dccff4faa26,570.0,EOA,Contract
2021-09-24 05:18:00+00:00,0x848d47d6a68fc0ce61e234257fa7024c59d331dc,0xc02aaa39b223fe8d0a0e5c4f27ead9083c756cc2,47.742836976129034,EOA,Contract
2021-09-24 05:18:00+00:00,0xd24400ae8bfebb18ca49be86258a3c749cf46853,0xe1e5038f3be162b128b5fe128ca099762b1c426a,228.63775347,EOA,EOA
2021-09-24 05:18:39+00:00,0xd4ee4919fb37f2bb970c3fff54aaf1f3dda6c03f,0xc36442b4a4522e871399cd717abdd847ab11fe88,633.0,EOA,Contract
2021-09-24 05:20:08+00:00,0x11e23e0c69932533717e8bbe4d8bfd3561cb58be,0x6b22550684c42ddca83567b0b42e6d7057621bf9,974.50895,EOA,EOA
2021-09-24 05:20:14+00:00,0xb9ee1e551f538a464e8f8c41e9904498505b49b0,0xa1bce7f8566ad14b283e8dbbbf30eda33586b312,399.9973,EOA,EOA
2021-09-24 05:20:14+00:00,0x33a9bccf1c8f7c3e7ca1da1b44f227953b7b780c,0x310962d9a743f1d9f153743b90b2121e040b42d8,470.0,EOA,EOA
2021-09-24 05:20:33+00:00,0xee2826453a4fd5afeb7ceffeef3ffa2320081268,0xcc9a0b7c43dc2a5f023bb9b738e45b0ef6b06e04,7859.0,EOA,Contract
2021-09-24 05:21:06+00:00,0x5672b5d5f063239a0e124862f264cc9fd1f513a8,0x6b4df334368b09f87b3722449703060eef284126,75.0,EOA,Contract
2021-09-24 05:22:02+00:00,0x6b22550684c42ddca83567b0b42e6d7057621bf9,0x3cd751e6b0078be393132286c442345e5dc49699,974.507165,EOA,EOA
2021-09-24 05:23:01+00:00,0x267be1c1d684f78cb4f6a176c4911b741e4ffdc0,0x240543929693333da0946cbf2597c099e4daa7cf,887.0,EOA,EOA
2021-09-24 05:23:01+00:00,0xb7304cf69ae1f7ab1743831d98d772b550bea548,0x11111112542d85b3ef69ae05771c2dccff4faa26,50.0,EOA,Contract
2021-09-24 05:23:01+00:00,0x0000f079e68bbcc79ab9600ace786b0a4db1c83c,0xedc7001e99a37c3d23b5f7974f837387e09f9c93,700.0,EOA,EOA
2021-09-24 05:23:01+00:00,0xa1bce7f8566ad14b283e8dbbbf30eda33586b312,0x73f8fc2e74302eb2efda125a326655acf0dc2d1b,399.996313,EOA,EOA
2021-09-24 05:25:08+00:00,0x240543929693333da0946cbf2597c099e4daa7cf,0xeb2629a2734e272bcc07bda959863f316f4bd4cf,886.998898408896,EOA,EOA
2021-09-24 05:25:08+00:00,0xedc7001e99a37c3d23b5f7974f837387e09f9c93,0xeb2629a2734e272bcc07bda959863f316f4bd4cf,699.9989151237272,EOA,EOA
2021-09-24 05:27:33+00:00,0x4976a4a02f38326660d17bf34b431dc6e2eb2327,0xa1bce7f8566ad14b283e8dbbbf30eda33586b312,400.00509004,EOA,EOA
2021-09-24 05:28:09+00:00,0xb5d85cbf7cb3ee0d56b3bb207d5fc4b82f43f511,0xf79a1844e66e4f89d755bc99941078dff4e99218,379.73776131435005,EOA,EOA
2021-09-24 05:28:09+00:00,0xeb2629a2734e272bcc07bda959863f316f4bd4cf,0xf79a1844e66e4f89d755bc99941078dff4e99218,379.73776131435005,EOA,EOA
2021-09-24 05:28:09+00:00,0x3cd751e6b0078be393132286c442345e5dc49699,0xf79a1844e66e4f89d755bc99941078dff4e99218,379.73776131435005,EOA,EOA
2021-09-24 05:28:09+00:00,0xddfabcdc4d8ffc6d5beaf154f18b778f892a0740,0xf79a1844e66e4f89d755bc99941078dff4e99218,379.73776131435005,EOA,EOA
2021-09-24 05:28:09+00:00,0xddfabcdc4d8ffc6d5beaf154f18b778f892a0740,0xf79a1844e66e4f89d755bc99941078dff4e99218,379.73776131435005,EOA,EOA
2021-09-24 05:28:09+00:00,0xddfabcdc4d8ffc6d5beaf154f18b778f892a0740,0xf79a1844e66e4f89d755bc99941078dff4e99218,379.73776131435005,EOA,EOA
2021-09-24 05:28:49+00:00,0xeb90c3ddb1c01d787e9130c25dc92b6acb4e02a4,0x722122df12d4e14e13ac3b6895a86e84145b6967,100.0,EOA,Contract
2021-09-24 05:29:43+00:00,0xc6786a54882ca1591745d748a2a92813e35c1a5d,0x7be8076f4ea4a4ad08075c2508e481d6c946d12b,40.9,EOA,Contract
2021-09-24 05:29:55+00:00,0x7f825bd2dcf3b139d476138df8b5eb6c48a6916c,0x11111112542d85b3ef69ae05771c2dccff4faa26,100.0,EOA,Contract
2021-09-24 05:29:55+00:00,0x28c6c06298d514db089934071355e5743bf21d60,0x4976a4a02f38326660d17bf34b431dc6e2eb2327,20268.14211899,EOA,EOA
2021-09-24 05:31:11+00:00,0x6fc48de8f167456b7aa27dd4ecfabba329ea623d,0xae8ca8812687c9a16eedcc7738e32d8d872e360e,300.0,EOA,EOA
2021-09-24 05:31:14+00:00,0xa1bce7f8566ad14b283e8dbbbf30eda33586b312,0x73f8fc2e74302eb2efda125a326655acf0dc2d1b,400.00368304,EOA,EOA
2021-09-24 05:31:22+00:00,0x042a8fe9b600336823c0c5c2b2603aea02ba183d,0x28c6c06298d514db089934071355e5743bf21d60,268.019496,EOA,EOA
2021-09-24 05:31:36+00:00,0x310962d9a743f1d9f153743b90b2121e040b42d8,0x28c6c06298d514db089934071355e5743bf21d60,469.995510851,EOA,EOA
2021-09-24 05:31:37+00:00,0x89b0b4ca66869b12b45d04ae517a216ecf8a2f1c,0x9733d2a688085625c0c9cb3aea868916156aa71b,248.34583442,EOA,EOA
2021-09-24 05:32:07+00:00,0x7c443200dcb75343b244cf981b4c6652e7d5c222,0x7a250d5630b4cf539739df2c5dacb4c659f2488d,70.0,EOA,Contract
2021-09-24 05:32:24+00:00,0xae8ca8812687c9a16eedcc7738e32d8d872e360e,0xc098b2a3aa256d2140208c3de6543aaef5cd3a94,299.9985690463206,EOA,EOA
2021-09-24 05:34:53+00:00,0x1b272cbd2ae16192bcb748797a06b28f8b8539fa,0xacc775e933500304e252ded50c57aae996d1d9b2,260.0,EOA,Contract
2021-09-24 05:36:19+00:00,0xe7ce1b2f1a6e0ab04567a68c6522846556eea74d,0x13000c4a215efe7e414bb329b2f11c39bcf92d78,105.0,EOA,Contract
2021-09-24 05:36:35+00:00,0xab2b05428d30a20f0165959cda2d6839e9490f1b,0x1671a3e4a2519a653e66e827ef6eae690ee86729,406.10740899,EOA,EOA
2021-09-24 05:37:03+00:00,0x3689c216f8f6ce7e2ce2a27c81a23096a787f532,0x11111112542d85b3ef69ae05771c2dccff4faa26,32.7,EOA,Contract
2021-09-24 05:39:01+00:00,0xe3792a9c235d434b702023b33f03c48c41631090,0xab2b05428d30a20f0165959cda2d6839e9490f1b,526.7067963377594,EOA,EOA
2021-09-24 05:40:10+00:00,0x85c0d1110c57a329ccd6cc91e50fb4666f2287c3,0xc39bdf685f289b1f261ee9b0b1b2bf9eae4c1980,150.0,EOA,EOA
2021-09-24 05:41:03+00:00,0x85c0d1110c57a329ccd6cc91e50fb4666f2287c3,0xbbba1983859ac05cacc453a6ae9a12ce83735b6d,150.0,EOA,EOA
2021-09-24 05:41:33+00:00,0x42ad05d4f56456230c023cd023ddbc9935903ab4,0x11111112542d85b3ef69ae05771c2dccff4faa26,50.0,EOA,Contract
2021-09-24 05:42:28+00:00,0x023ef73d4c6de80dd3e52b8aae579b8f0e5cbeb4,0xb47e3cd837ddf8e4c57f05d70ab865de6e193bbb,107.9,EOA,Contract
2021-09-24 05:46:31+00:00,0xcb84fd93bcdfd0b279bf28aa2baebba0b96bd3e0,0x833b94afa97b7e763a86a3e83dcaf58603857371,48.0,EOA,Contract
2021-09-24 05:47:06+00:00,0xb0ca2e19356f763721110b2e0b318883df844cbc,0xb47e3cd837ddf8e4c57f05d70ab865de6e193bbb,350.0,EOA,Contract
2021-09-24 05:47:36+00:00,0x267be1c1d684f78cb4f6a176c4911b741e4ffdc0,0x9a9e5bdde9550e79bc397222799782227ba52422,83.05814557,EOA,Contract
2021-09-24 05:47:56+00:00,0x70448fa6dd61fb3f94b806d5def4e5e8dbef7ada,0xc36442b4a4522e871399cd717abdd847ab11fe88,185.01,EOA,Contract
2021-09-24 05:50:16+00:00,0x6d24d6c71877e6ff7af90e5b843ae0594d9d550b,0x6decd32f5a2ab9b43bc6ad8923eb6d2395de145b,255.7114204,EOA,Contract
2021-09-24 05:50:58+00:00,0x6fc48de8f167456b7aa27dd4ecfabba329ea623d,0x52f21fceacd9e35ad6d782c9ecdeacb4a4919e6e,171.5,EOA,EOA
2021-09-24 05:54:36+00:00,0x3fa930a14c9a35b6d4b3babaae395384eadd0d1f,0xae7ab96520de3a18e5e111b5eaab095312d7fe84,30.0,EOA,Contract
2021-09-24 05:56:14+00:00,0x70448fa6dd61fb3f94b806d5def4e5e8dbef7ada,0xc36442b4a4522e871399cd717abdd847ab11fe88,185.01,EOA,Contract
2021-09-24 05:57:49+00:00,0x376a6efe8e98f3ae2af230b3d45b8cc5e962bc27,0xcc9a0b7c43dc2a5f023bb9b738e45b0ef6b06e04,330.0,EOA,Contract
2021-09-24 05:59:29+00:00,0x4ad64983349c49defe8d7a4686202d24b25d0ce8,0xe5782724e87bcd5a1f48737ff6cfeaf875ab5873,299.826,EOA,EOA
2021-09-24 05:59:29+00:00,0xb5d85cbf7cb3ee0d56b3bb207d5fc4b82f43f511,0xe5782724e87bcd5a1f48737ff6cfeaf875ab5873,299.954503,EOA,EOA
2021-09-24 05:59:29+00:00,0x4976a4a02f38326660d17bf34b431dc6e2eb2327,0x3ad63fe9ce75874cd4f88422c44bfd17cb5f4754,499.845,EOA,EOA
2021-09-24 05:59:29+00:00,0x2560b0fc3c7cc12918d1418316fa4b0bcebc13fc,0xb47e3cd837ddf8e4c57f05d70ab865de6e193bbb,110.0,EOA,Contract
2021-09-24 06:00:06+00:00,0x7ac7398fbf5b495bc4e7683600586c6bfd84e80c,0xdef171fe48cf0115b1d80b88dc8eab59176fee57,35.0,EOA,Contract
2021-09-24 06:00:36+00:00,0x5405c20c42603cbc439e53b8bc826d92dd4b6b1c,0x85c0d1110c57a329ccd6cc91e50fb4666f2287c3,274.0,EOA,EOA
2021-09-24 06:02:00+00:00,0x1671a3e4a2519a653e66e827ef6eae690ee86729,0x28c6c06298d514db089934071355e5743bf21d60,406.081190014,EOA,EOA
2021-09-24 06:02:00+00:00,0x3ad63fe9ce75874cd4f88422c44bfd17cb5f4754,0xf66852bc122fd40bfecc63cd48217e88bda12109,499.86113173,EOA,EOA
2021-09-24 06:02:06+00:00,0x9733d2a688085625c0c9cb3aea868916156aa71b,0x28c6c06298d514db089934071355e5743bf21d60,248.63833042,EOA,EOA
2021-09-24 06:02:06+00:00,0x52f21fceacd9e35ad6d782c9ecdeacb4a4919e6e,0x28c6c06298d514db089934071355e5743bf21d60,213.47486524,EOA,EOA
2021-09-24 06:06:02+00:00,0x52ad8f3c506aa25b954276c5456060dad6f3fd7b,0xb47e3cd837ddf8e4c57f05d70ab865de6e193bbb,290.0,EOA,Contract
2021-09-24 06:06:02+00:00,0x21a31ee1afc51d94c2efccaa2092ad1028285549,0xf584f8728b874a6a5c7a8d4d387c9aae9172d621,171.0,EOA,EOA
2021-09-24 06:07:52+00:00,0xae7861c80d03826837a50b45aecf11ec677f6586,0xd9e1ce17f2641f24ae83637ab66a2cca9c378b9f,32.0,EOA,Contract
2021-09-24 06:07:58+00:00,0x21a31ee1afc51d94c2efccaa2092ad1028285549,0xedc7001e99a37c3d23b5f7974f837387e09f9c93,760.995,EOA,EOA
2021-09-24 06:10:18+00:00,0xedc7001e99a37c3d23b5f7974f837387e09f9c93,0xddfabcdc4d8ffc6d5beaf154f18b778f892a0740,760.9937336208983,EOA,EOA
2021-09-24 06:12:28+00:00,0xc15fc417a1bb9850d0d7c9b8c98d87c009597e08,0xc36442b4a4522e871399cd717abdd847ab11fe88,102.5,EOA,Contract
2021-09-24 06:14:14+00:00,0x03179fef2beab6bd8d752830b8014ec1427f5fa5,0xdd747834bca4defe510537150f0182b674ccbf2f,1499.0,EOA,EOA
2021-09-24 06:14:14+00:00,0xc15fc417a1bb9850d0d7c9b8c98d87c009597e08,0xc36442b4a4522e871399cd717abdd847ab11fe88,103.5,EOA,Contract
2021-09-24 06:15:53+00:00,0xfe00888ff72e11b00437a13ff96965b44cbf7d47,0xa2569370a9d4841c9a62fc51269110f2eb7e0171,500.5006,EOA,Contract
2021-09-24 06:17:30+00:00,0xb5d85cbf7cb3ee0d56b3bb207d5fc4b82f43f511,0xf79a1844e66e4f89d755bc99941078dff4e99218,379.9439249915339,EOA,EOA
2021-09-24 06:18:56+00:00,0xa294cca691e4c83b1fc0c8d63d9a3eef0a196de1,0xd6e8376a3a257c5d5a6160238e699ec5a089365e,97.8044,EOA,Contract
2021-09-24 06:18:56+00:00,0xf66852bc122fd40bfecc63cd48217e88bda12109,0x680e831aa211505ed44e3eca7b3e986be972c9a5,1399.996,EOA,EOA
2021-09-24 06:21:11+00:00,0x61b3045b9ed35c6dddbcce8c4926308b27bcd7fb,0xc36442b4a4522e871399cd717abdd847ab11fe88,457.0,EOA,Contract
2021-09-24 06:23:05+00:00,0x61b3045b9ed35c6dddbcce8c4926308b27bcd7fb,0xc36442b4a4522e871399cd717abdd847ab11fe88,457.0,EOA,Contract
2021-09-24 06:23:05+00:00,0xa7efae728d2936e78bda97dc267687568dd593f3,0x84b38bc60f3bd82640ecefa320dab2be62e2da15,450.0,EOA,EOA
2021-09-24 06:23:59+00:00,0x78aab50f9f43ec6d7d5b445177a1b27ca1ad19b3,0xd2a98ce01478e46e3376f90a4fb5db3c40212d43,31.0,EOA,Contract
2021-09-24 06:23:59+00:00,0x84b38bc60f3bd82640ecefa320dab2be62e2da15,0xfa52274dd61e1643d2205169732f29114bc240b3,449.9980412456627,EOA,Contract
2021-09-24 06:25:13+00:00,0x0f41dd49488bf7c34cef111df6b4e7a5713710f2,0x167a9333bf582556f35bd4d16a7e80e191aa6476,1143.9007279100697,EOA,EOA
2021-09-24 06:27:20+00:00,0x9696f59e4d72e237be84ffd425dcad154bf96976,0x8212df6f90c2b0397ab73f17430441bc56a820ee,399.995,EOA,EOA
2021-09-24 06:29:06+00:00,0x162be32c40ebb99b5d541a72e660fd76fd83476b,0xfa52274dd61e1643d2205169732f29114bc240b3,60.528351704405964,EOA,Contract
2021-09-24 06:30:27+00:00,0x28c6c06298d514db089934071355e5743bf21d60,0x9696f59e4d72e237be84ffd425dcad154bf96976,20056.93697719,EOA,EOA
2021-09-24 06:30:51+00:00,0x2b11b02f5b32056af20cdf8a45d4f680b303b3a3,0xa96a65c051bf88b4095ee1f2451c2a9d43f53ae2,72.0,EOA,Contract
2021-09-24 06:31:27+00:00,0xe5782724e87bcd5a1f48737ff6cfeaf875ab5873,0x28c6c06298d514db089934071355e5743bf21d60,599.777520859,EOA,EOA
2021-09-24 06:33:33+00:00,0xd4ee4919fb37f2bb970c3fff54aaf1f3dda6c03f,0xc36442b4a4522e871399cd717abdd847ab11fe88,681.0,EOA,Contract
2021-09-24 06:34:41+00:00,0x7099f7de5277b2a80f2a2f08d0e1156ad1bc379f,0xc36442b4a4522e871399cd717abdd847ab11fe88,32.78,EOA,Contract
2021-09-24 06:34:57+00:00,0x3c979fb790c86e361738ed17588c1e8b4c4cc49a,0xf584f8728b874a6a5c7a8d4d387c9aae9172d621,332.0,EOA,EOA
2021-09-24 06:35:27+00:00,0x03179fef2beab6bd8d752830b8014ec1427f5fa5,0x08e867544c3e95d07040d56094a7baf971f03e6b,1500.0,EOA,EOA
2021-09-24 06:36:30+00:00,0x1b6138ef934ceb32097a30d562c729d9a77bed82,0xf4a6d62a53283bf4076416e79c5f04c9d75a7216,250.0,EOA,EOA
2021-09-24 06:36:55+00:00,0x652740d58e182a6ae5fd5217063094a98d6ab8d1,0xb47292cd64dfc59e040bdf7781dc7a947efd1b07,75.0,EOA,Contract
2021-09-24 06:37:17+00:00,0x56eddb7aa87536c09ccc2793473599fd21a8b17f,0xedc7001e99a37c3d23b5f7974f837387e09f9c93,701.995,EOA,EOA
2021-09-24 06:37:17+00:00,0x12ef97e205cd3de60fb1c1e073403277be080fea,0xfa52274dd61e1643d2205169732f29114bc240b3,38.96310461740615,EOA,Contract
2021-09-24 06:38:50+00:00,0x4976a4a02f38326660d17bf34b431dc6e2eb2327,0xc5ed2333f8a2c351fca35e5ebadb2a82f5d254c3,9999.995,EOA,EOA
2021-09-24 06:38:50+00:00,0x9696f59e4d72e237be84ffd425dcad154bf96976,0xc5ed2333f8a2c351fca35e5ebadb2a82f5d254c3,10000.995,EOA,EOA
2021-09-24 06:38:57+00:00,0x4976a4a02f38326660d17bf34b431dc6e2eb2327,0xc5ed2333f8a2c351fca35e5ebadb2a82f5d254c3,10001.995,EOA,EOA
2021-09-24 06:38:57+00:00,0x56eddb7aa87536c09ccc2793473599fd21a8b17f,0xc5ed2333f8a2c351fca35e5ebadb2a82f5d254c3,10002.995,EOA,EOA
2021-09-24 06:39:13+00:00,0xc267da714ddb007bc198cb9bdb722c66e652c687,0xc36442b4a4522e871399cd717abdd847ab11fe88,194.67691182650643,EOA,Contract
2021-09-24 06:39:13+00:00,0x4976a4a02f38326660d17bf34b431dc6e2eb2327,0xc5ed2333f8a2c351fca35e5ebadb2a82f5d254c3,10003.995,EOA,EOA
2021-09-24 06:40:00+00:00,0xedc7001e99a37c3d23b5f7974f837387e09f9c93,0x3cd751e6b0078be393132286c442345e5dc49699,701.9944811129318,EOA,EOA
2021-09-24 06:40:27+00:00,0x28c6c06298d514db089934071355e5743bf21d60,0x4976a4a02f38326660d17bf34b431dc6e2eb2327,30838.86463205,EOA,EOA
2021-09-24 06:41:12+00:00,0x10feb6f3111197336bc64ad3d0a123f22719d58a,0x4dbd4fc535ac27206064b68ffcf827b0a60bab3f,36.0,EOA,Contract
2021-09-24 06:41:50+00:00,0xc333e80ef2dec2805f239e3f1e810612d294f771,0x6decd32f5a2ab9b43bc6ad8923eb6d2395de145b,48.7564,EOA,Contract
2021-09-24 06:43:42+00:00,0x6dc6e2ab2b7c9d5d11301bf2de3d0e39d0e9ba6b,0xfa52274dd61e1643d2205169732f29114bc240b3,38.99802745996612,EOA,Contract
2021-09-24 06:45:19+00:00,0xc098b2a3aa256d2140208c3de6543aaef5cd3a94,0x2e5110356ced9fd340209c39d996dbf896b73188,199.9995,EOA,EOA
2021-09-24 06:46:17+00:00,0x56eddb7aa87536c09ccc2793473599fd21a8b17f,0x4299ac018d476c54e4643b9ca9bde2a664d66cc8,200.25687686,EOA,EOA
2021-09-24 06:46:46+00:00,0xddfabcdc4d8ffc6d5beaf154f18b778f892a0740,0xf79a1844e66e4f89d755bc99941078dff4e99218,242.39086000942385,EOA,EOA
2021-09-24 06:46:46+00:00,0x3cd751e6b0078be393132286c442345e5dc49699,0xf79a1844e66e4f89d755bc99941078dff4e99218,380.03895216032174,EOA,EOA
2021-09-24 06:47:25+00:00,0xdfd5293d8e347dfe59e90efd55b2956a1343963d,0xc5ed2333f8a2c351fca35e5ebadb2a82f5d254c3,10005.995,EOA,EOA
2021-09-24 06:47:25+00:00,0x56eddb7aa87536c09ccc2793473599fd21a8b17f,0xc5ed2333f8a2c351fca35e5ebadb2a82f5d254c3,10006.995,EOA,EOA
2021-09-24 06:47:27+00:00,0xfe8f318c45996556098b715b08d398e09f4cf95d,0xe592427a0aece92de3edee1f18e0157c05861564,95.0,EOA,Contract
2021-09-24 06:47:27+00:00,0xa294cca691e4c83b1fc0c8d63d9a3eef0a196de1,0xd6e8376a3a257c5d5a6160238e699ec5a089365e,99.2312,EOA,Contract
2021-09-24 06:47:27+00:00,0x2e5110356ced9fd340209c39d996dbf896b73188,0xa205fd7344656c72fdc645b72faf5a3de0b3e825,199.998429,EOA,EOA
2021-09-24 06:48:01+00:00,0x2de86b82812bef685d9a86703429e85990aa977c,0xfa52274dd61e1643d2205169732f29114bc240b3,48.06669073488004,EOA,Contract
2021-09-24 06:48:08+00:00,0x6f988506ebbf753000ab0569b1e5dcfa194a3afe,0x167a9333bf582556f35bd4d16a7e80e191aa6476,154.6961006356617,EOA,EOA
2021-09-24 06:48:14+00:00,0x4f4c25ddbb521b51db4fa58798ad53162b67e919,0xb8001c3ec9aa1985f6c747e25c28324e4a361ec1,160.2004931499829,EOA,EOA
2021-09-24 06:49:30+00:00,0xc098b2a3aa256d2140208c3de6543aaef5cd3a94,0x71a053d18b1b7ff724e87e4fa7479cfffa4b743f,200.0,EOA,EOA
2021-09-24 06:50:07+00:00,0xd72f4baffd4d9dcfaa1114a6d3da8f8aebca5d8c,0x02a9656f6851527e2199ce0ad3c15adddbaf734f,45.0,EOA,Contract
2021-09-24 06:50:19+00:00,0x71a053d18b1b7ff724e87e4fa7479cfffa4b743f,0xc02aaa39b223fe8d0a0e5c4f27ead9083c756cc2,199.99,EOA,Contract
2021-09-24 06:50:22+00:00,0x28c6c06298d514db089934071355e5743bf21d60,0x56eddb7aa87536c09ccc2793473599fd21a8b17f,25930.8014459,EOA,EOA
2021-09-24 06:50:22+00:00,0x28c6c06298d514db089934071355e5743bf21d60,0xdfd5293d8e347dfe59e90efd55b2956a1343963d,29409.7247549,EOA,EOA
2021-09-24 06:51:19+00:00,0x7532e70ad7b53c27e2f5b569f671785a2e5efdc8,0xb9dad752ed6ce59420de624d9f3a96edd52fa032,499.999265,EOA,EOA
2021-09-24 06:52:15+00:00,0xdfd5293d8e347dfe59e90efd55b2956a1343963d,0x3926963f34a0d86517f5eb3a269fc9c4f51864cc,199.995,EOA,EOA
2021-09-24 06:53:19+00:00,0x3926963f34a0d86517f5eb3a269fc9c4f51864cc,0xc098b2a3aa256d2140208c3de6543aaef5cd3a94,199.99216899,EOA,EOA
2021-09-24 06:53:19+00:00,0x89ac06752a7f21b6443e0e0debbcd1e73d71e60e,0xd9e1ce17f2641f24ae83637ab66a2cca9c378b9f,34.1029982100112,EOA,Contract
2021-09-24 06:54:35+00:00,0x948beaeb83c852645740a9d0c203c4e5ccbdf099,0x881d40237659c251811cec9c364ef91dc08d300c,145.0,EOA,Contract
2021-09-24 06:54:57+00:00,0x90c59565d0ed2b7b972030f2d9141cea38e76c49,0x11e88653ccc74cbf32a8658702762cd1a913def3,12000.0,EOA,EOA
2021-09-24 06:55:45+00:00,0xa387c87102fc0b51939d0cf9a86f7edd05291d5c,0x830bd73e4184cef73443c15111a1df14e495c706,129.0,EOA,Contract
2021-09-24 06:55:45+00:00,0xa7efae728d2936e78bda97dc267687568dd593f3,0xe5c43412ef080524beee8c698c00d3810254b691,32.544147,EOA,Contract
2021-09-24 06:56:23+00:00,0xf540d44a74ba8775afa098145879f25be6afd9fd,0x24179cd81c9e782a4096035f7ec97fb8b783e007,44.8733,EOA,Contract
2021-09-24 06:56:55+00:00,0x4299ac018d476c54e4643b9ca9bde2a664d66cc8,0xb29380ffc20696729b7ab8d093fa1e2ec14dfe2b,200.25501801059835,EOA,EOA
2021-09-24 06:58:01+00:00,0xa5960ad956acbb8addebdc29e5bee014f201d8bd,0x830bd73e4184cef73443c15111a1df14e495c706,132.32,EOA,Contract
2021-09-24 06:58:01+00:00,0xa40dfee99e1c85dc97fdc594b16a460717838703,0xd4039ecc40aeda0582036437cf3ec02845da4c13,64.0,EOA,Contract
2021-09-24 06:58:01+00:00,0x71a053d18b1b7ff724e87e4fa7479cfffa4b743f,0xc02aaa39b223fe8d0a0e5c4f27ead9083c756cc2,199.98703671409658,EOA,Contract
2021-09-24 06:58:33+00:00,0x0ca19fd64c08f3dfc5fc3080597d85b04cbfbf93,0xd30174e7f99bae352b9a5af0991c8d2a84a8719c,234.63229808,EOA,EOA
2021-09-24 06:58:33+00:00,0x11e88653ccc74cbf32a8658702762cd1a913def3,0xc5424b857f758e906013f3555dad202e4bdb4567,6000.0,EOA,Contract
2021-09-24 06:58:47+00:00,0xa387c87102fc0b51939d0cf9a86f7edd05291d5c,0x830bd73e4184cef73443c15111a1df14e495c706,135.0,EOA,Contract
2021-09-24 06:58:47+00:00,0x71a91c9202c8091c62c630ca2de44b333ddcd0d7,0xc36442b4a4522e871399cd717abdd847ab11fe88,246.82038236644067,EOA,Contract
2021-09-24 06:58:47+00:00,0x11e88653ccc74cbf32a8658702762cd1a913def3,0xd3d13a578a53685b4ac36a1bab31912d2b2a2f36,6000.0,EOA,Contract
2021-09-24 06:59:34+00:00,0x876eabf441b2ee5b5b0554fd502a8e0600950cfa,0x310962d9a743f1d9f153743b90b2121e040b42d8,209.9949285,EOA,EOA
2021-09-24 06:59:44+00:00,0x73f8fc2e74302eb2efda125a326655acf0dc2d1b,0xa9df11491499d09499857260d7688742924d2323,511.3315,EOA,EOA
2021-09-24 07:00:55+00:00,0xd30174e7f99bae352b9a5af0991c8d2a84a8719c,0xc9610be2843f1618edfedd0860dc43551c727061,234.677548503,EOA,EOA
2021-09-24 07:01:24+00:00,0x71a053d18b1b7ff724e87e4fa7479cfffa4b743f,0x64aba2541bba2c2fd24d84ce1bdbb4a6eae468dc,199.9920046434987,EOA,EOA
2021-09-24 07:01:28+00:00,0xf4a6d62a53283bf4076416e79c5f04c9d75a7216,0x28c6c06298d514db089934071355e5743bf21d60,249.996913,EOA,EOA
2021-09-24 07:01:51+00:00,0x64aba2541bba2c2fd24d84ce1bdbb4a6eae468dc,0xc098b2a3aa256d2140208c3de6543aaef5cd3a94,199.99044990849868,EOA,EOA
2021-09-24 07:02:35+00:00,0xa5960ad956acbb8addebdc29e5bee014f201d8bd,0x830bd73e4184cef73443c15111a1df14e495c706,137.73,EOA,Contract
2021-09-24 07:02:35+00:00,0x1b9e791f3259dcef7d1e366b33f644841c2461a5,0x881d40237659c251811cec9c364ef91dc08d300c,69.0,EOA,Contract
2021-09-24 07:03:25+00:00,0x4976a4a02f38326660d17bf34b431dc6e2eb2327,0xc333e80ef2dec2805f239e3f1e810612d294f771,329.995,EOA,EOA
2021-09-24 07:04:03+00:00,0x6fc48de8f167456b7aa27dd4ecfabba329ea623d,0x23a30435e231ed9ef6493abbb64be848f7abdfb1,250.0,EOA,EOA
2021-09-24 07:04:05+00:00,0xa387c87102fc0b51939d0cf9a86f7edd05291d5c,0x830bd73e4184cef73443c15111a1df14e495c706,140.5,EOA,Contract
2021-09-24 07:04:17+00:00,0x23a30435e231ed9ef6493abbb64be848f7abdfb1,0xa7efae728d2936e78bda97dc267687568dd593f3,249.998677,EOA,EOA
2021-09-24 07:04:17+00:00,0x28ffe35688ffffd0659aee2e34778b0ae4e193ad,0xc333e80ef2dec2805f239e3f1e810612d294f771,330.0,EOA,EOA
2021-09-24 07:07:12+00:00,0x36cc7b13029b5dee4034745fb4f24034f3f2ffc6,0x4dbd4fc535ac27206064b68ffcf827b0a60bab3f,300.0,EOA,Contract
2021-09-24 07:07:12+00:00,0x6176839f126d8345d57380f482ac4bfa384edf63,0x11111112542d85b3ef69ae05771c2dccff4faa26,40.47311191779857,EOA,Contract
2021-09-24 07:08:30+00:00,0xdfd5293d8e347dfe59e90efd55b2956a1343963d,0x511d9b1cb812bd3000ed5e8b16a596d318219357,42.0,EOA,Contract
2021-09-24 07:09:10+00:00,0x6fc48de8f167456b7aa27dd4ecfabba329ea623d,0x55be3cddf98f6452c77d8719b6df24db66ca9d79,404.35479294,EOA,EOA
2021-09-24 07:09:10+00:00,0xb2723beacce4bc54f23544343927f048cef6bd5a,0xf919ef33d613f3853b7d4cb0eaa1d4d4457770b1,400.0,EOA,EOA
2021-09-24 07:09:18+00:00,0x5df0ff30fe0db73d53613527f6835ff9c53ffe85,0x881d40237659c251811cec9c364ef91dc08d300c,69.9,EOA,Contract
2021-09-24 07:10:04+00:00,0x51836a753e344257b361519e948ffcaf5fb8d521,0xba2828dc3844898eeea02af3da593c7b13a61c19,162.69,EOA,EOA
2021-09-24 07:10:04+00:00,0xf919ef33d613f3853b7d4cb0eaa1d4d4457770b1,0x0392b64b8bfda184f0a72ce37d73dc7df978c4f7,399.99834024494,EOA,EOA
2021-09-24 07:10:04+00:00,0xa7efae728d2936e78bda97dc267687568dd593f3,0x6f988506ebbf753000ab0569b1e5dcfa194a3afe,171.496,EOA,EOA
2021-09-24 07:10:04+00:00,0xa910f92acdaf488fa6ef02174fb86208ad7722ba,0x73f9b272abda7a97cb1b237d85f9a7236edb6f16,152.60298451,EOA,EOA
2021-09-24 07:10:49+00:00,0x6176839f126d8345d57380f482ac4bfa384edf63,0x7a250d5630b4cf539739df2c5dacb4c659f2488d,40.476,EOA,Contract
2021-09-24 07:11:53+00:00,0xddf4c51461907d5e72748daf67c9b3eaa57077e5,0xa3ec4f50c5d0c85bdef7a9ad6af84aa15b812a0d,169.69577442212034,EOA,EOA
2021-09-24 07:12:05+00:00,0xb9dad752ed6ce59420de624d9f3a96edd52fa032,0x0ff24158220a14398f047a80a513617ddc4f5289,574.219873664,EOA,EOA
2021-09-24 07:12:05+00:00,0x2c7474087fe39bc7d47b5692eaa5489770008d11,0x01688c1e92a2e12dbc359810f6a357df7e4208a1,700.0,EOA,EOA
2021-09-24 07:12:34+00:00,0x796027236561a8da0f96cee99a868e0dea1897e8,0xdefbd469a21059c8e0240863b2ce444e54e570ce,250.0,EOA,EOA
2021-09-24 07:12:34+00:00,0x6176839f126d8345d57380f482ac4bfa384edf63,0x7a250d5630b4cf539739df2c5dacb4c659f2488d,40.473,EOA,Contract
2021-09-24 07:12:56+00:00,0x267be1c1d684f78cb4f6a176c4911b741e4ffdc0,0xedc7001e99a37c3d23b5f7974f837387e09f9c93,707.9965,EOA,EOA
2021-09-24 07:13:34+00:00,0x4ac879827327d38508324315fc7f478ab6f88c1a,0x2434e7e28b2b139511bc2b6f31e14ee1e6e03b4f,201.68763038,EOA,EOA
2021-09-24 07:14:32+00:00,0x18e24850fdeceee577da1e08c63b260cff69b962,0xbefac5baa725a2e6435c9f60473f52ca5396c2a6,400.0,EOA,EOA
2021-09-24 07:16:21+00:00,0x01688c1e92a2e12dbc359810f6a357df7e4208a1,0x6dfc34609a05bc22319fa4cce1d1e2929548c0d7,699.99893362,EOA,EOA
2021-09-24 07:16:21+00:00,0xedc7001e99a37c3d23b5f7974f837387e09f9c93,0xddfabcdc4d8ffc6d5beaf154f18b778f892a0740,707.9949736949793,EOA,EOA
2021-09-24 07:16:21+00:00,0xae61445d1afa978a2b3b764e1e7710a223bd1aee,0x2dabfab285c898b3044c02310c45bc5c50604f1a,81.0,EOA,Contract
2021-09-24 07:16:31+00:00,0x3cd751e6b0078be393132286c442345e5dc49699,0xf79a1844e66e4f89d755bc99941078dff4e99218,380.3025345644553,EOA,EOA
2021-09-24 07:16:31+00:00,0x3cd751e6b0078be393132286c442345e5dc49699,0xf79a1844e66e4f89d755bc99941078dff4e99218,316.95789480326687,EOA,EOA
2021-09-24 07:16:58+00:00,0x28c6c06298d514db089934071355e5743bf21d60,0x56e43d4f29a62a835aacd36db2725151874acca6,202.8179453,EOA,EOA
2021-09-24 07:16:58+00:00,0x504df0b10056b46223bea77b92174bb1f384e24c,0x5abfbe56553a5d794330eaccf556ca1d2a55647c,44.5,EOA,Contract
2021-09-24 07:18:25+00:00,0xae61445d1afa978a2b3b764e1e7710a223bd1aee,0x2dabfab285c898b3044c02310c45bc5c50604f1a,64.0,EOA,Contract
2021-09-24 07:19:14+00:00,0x13b2dc3e8d515f9d7d414e74bbe975ee836e0724,0xe592427a0aece92de3edee1f18e0157c05861564,100.0,EOA,Contract
2021-09-24 07:19:14+00:00,0x56e43d4f29a62a835aacd36db2725151874acca6,0x3cd751e6b0078be393132286c442345e5dc49699,202.81640426629104,EOA,EOA
2021-09-24 07:19:14+00:00,0xfbf4b89b5e852bb9045fbe531185e02c45fdb0d0,0x954c8a1909e69c645945d92e4abc25794d2c854c,150.0,EOA,EOA
2021-09-24 07:19:52+00:00,0xad1cc527e94f15b47af2d54949912986a028f6c5,0xdc24316b9ae028f1497c275eb9192a3ea0f67022,60.0,EOA,Contract
2021-09-24 07:20:29+00:00,0xba2828dc3844898eeea02af3da593c7b13a61c19,0x6254b927ecc25ddd233aaecd5296d746b1c006b4,305.4837709135805,EOA,EOA
2021-09-24 07:20:29+00:00,0xdc23e01ab3b3048b4f290b28ab530c5362e3fa47,0x03f34be1bf910116595db1b11e9d1b2ca5d59659,50.0,EOA,Contract
2021-09-24 07:20:55+00:00,0x0392b64b8bfda184f0a72ce37d73dc7df978c4f7,0xfdfe415668e7f13c47918a1528b26872cc9443dd,501.5677722,EOA,EOA
2021-09-24 07:22:27+00:00,0x954c8a1909e69c645945d92e4abc25794d2c854c,0x27e9f4748a2eb776be193a1f7dec2bb6daafe9cf,150.01487548,EOA,EOA
2021-09-24 07:22:27+00:00,0x56eddb7aa87536c09ccc2793473599fd21a8b17f,0x8afd8542540a2c5ce26d01ac3ae6cc1e9c32568f,175.995,EOA,EOA
2021-09-24 07:22:27+00:00,0x13b2dc3e8d515f9d7d414e74bbe975ee836e0724,0xe592427a0aece92de3edee1f18e0157c05861564,100.0,EOA,Contract
2021-09-24 07:22:27+00:00,0x8dcf8d39495a8c44be7dfc382b4c22f0a665c124,0x3c6a3acc7e6c93d238b27cd4a693d8fb453fa34a,1840.0,EOA,EOA
2021-09-24 07:24:00+00:00,0x56f9666f7cd6e5aef0d596542abf25404f1990d2,0x1168b7d4eb5cb470fc1659de5fda966e10204ed8,200.0,EOA,EOA
2021-09-24 07:24:21+00:00,0xfdfe415668e7f13c47918a1528b26872cc9443dd,0xcc9a0b7c43dc2a5f023bb9b738e45b0ef6b06e04,100.0,EOA,Contract
2021-09-24 07:26:31+00:00,0x62a732af11ad13b00d4ba3109b9854d8941dbef1,0xd30174e7f99bae352b9a5af0991c8d2a84a8719c,196.70567931,EOA,EOA
2021-09-24 07:27:25+00:00,0x0d0707963952f2fba59dd06f2b425ace40b492fe,0x17a5ebeb19bcca690cd26e6bc1846cc0334ac510,99.989,EOA,Contract
2021-09-24 07:28:06+00:00,0xf66852bc122fd40bfecc63cd48217e88bda12109,0xd7eaea3110d2c700aad7ed7c88a5e93d84971ddd,1501.02753658,EOA,EOA
2021-09-24 07:28:35+00:00,0x13b2dc3e8d515f9d7d414e74bbe975ee836e0724,0xe592427a0aece92de3edee1f18e0157c05861564,99.99384407208532,EOA,Contract
2021-09-24 07:28:41+00:00,0xd30174e7f99bae352b9a5af0991c8d2a84a8719c,0xc9610be2843f1618edfedd0860dc43551c727061,196.70473431,EOA,EOA
2021-09-24 07:30:29+00:00,0xdefbd469a21059c8e0240863b2ce444e54e570ce,0x28c6c06298d514db089934071355e5743bf21d60,249.998026,EOA,EOA
2021-09-24 07:31:22+00:00,0x310962d9a743f1d9f153743b90b2121e040b42d8,0x28c6c06298d514db089934071355e5743bf21d60,209.9933745,EOA,EOA
2021-09-24 07:31:22+00:00,0x55be3cddf98f6452c77d8719b6df24db66ca9d79,0x28c6c06298d514db089934071355e5743bf21d60,404.361682327,EOA,EOA
2021-09-24 07:32:42+00:00,0x961eed3b7d4b7c261ee5b023e5f857af5af1e700,0xf6e5a181fb39de8300c475b0e8c749860064efbc,38.0,EOA,Contract
2021-09-24 07:33:03+00:00,0xdfd5293d8e347dfe59e90efd55b2956a1343963d,0x0000f079e68bbcc79ab9600ace786b0a4db1c83c,840.995,EOA,EOA
2021-09-24 07:33:33+00:00,0x9baa38eaffed3ea4dffb41f1a0307aaed6d57799,0x1a2a1c938ce3ec39b6d47113c7955baa9dd454f2,33.33,EOA,Contract
2021-09-24 07:34:39+00:00,0x079a892628ebf28d0ed8f00151cff225a093dc63,0xafc8bc72c756ddc1957b276f5fbcb989dad93730,1197.5,EOA,EOA
2021-09-24 07:34:39+00:00,0x0000f079e68bbcc79ab9600ace786b0a4db1c83c,0xa0c68c638235ee32657e8f720a23cec1bfc77c77,841.0,EOA,Contract
2021-09-24 07:36:59+00:00,0xb5d85cbf7cb3ee0d56b3bb207d5fc4b82f43f511,0x9b0c45d46d386cedd98873168c36efd0dcba8d46,384.999202,EOA,EOA
2021-09-24 07:37:16+00:00,0x4d0e439ba905eb39aee88097433add619cf5257b,0xc5424b857f758e906013f3555dad202e4bdb4567,500.0,EOA,Contract
2021-09-24 07:38:19+00:00,0x9696f59e4d72e237be84ffd425dcad154bf96976,0x8afd8542540a2c5ce26d01ac3ae6cc1e9c32568f,174.995,EOA,EOA
2021-09-24 07:39:14+00:00,0x4d0e439ba905eb39aee88097433add619cf5257b,0xa96a65c051bf88b4095ee1f2451c2a9d43f53ae2,135.0,EOA,Contract
2021-09-24 07:39:24+00:00,0xc333e80ef2dec2805f239e3f1e810612d294f771,0x5077bad139cde8e7865a9f6d4c147c21bb13828e,580.0,EOA,EOA
2021-09-24 07:39:31+00:00,0xbcbd50fbafe5e0cdd2f88a43c7467cbf3864f984,0x5e42a744233a45514b0806ee0f7ef10bde0dc531,100.0,EOA,Contract
2021-09-24 07:39:40+00:00,0xa3ec4f50c5d0c85bdef7a9ad6af84aa15b812a0d,0x7a250d5630b4cf539739df2c5dacb4c659f2488d,120.0,EOA,Contract
2021-09-24 07:40:15+00:00,0x961eed3b7d4b7c261ee5b023e5f857af5af1e700,0xf6e5a181fb39de8300c475b0e8c749860064efbc,58.0,EOA,Contract
2021-09-24 07:43:37+00:00,0xc333e80ef2dec2805f239e3f1e810612d294f771,0x8c1b4060f885d89f4d0c063b341b6a596beee0e7,330.0,EOA,EOA
2021-09-24 07:43:40+00:00,0x6254b927ecc25ddd233aaecd5296d746b1c006b4,0x799dfd4083a146d3b35f3f5b5f5113f005fcb4d9,83.525,EOA,Contract
2021-09-24 07:44:36+00:00,0xc098b2a3aa256d2140208c3de6543aaef5cd3a94,0x8f8dc9786154d159bc7e60966a8cdbf0cb9ada33,173.999,EOA,EOA
2021-09-24 07:45:43+00:00,0xc267da714ddb007bc198cb9bdb722c66e652c687,0xe592427a0aece92de3edee1f18e0157c05861564,50.0,EOA,Contract
2021-09-24 07:46:06+00:00,0x8f8dc9786154d159bc7e60966a8cdbf0cb9ada33,0xa0c68c638235ee32657e8f720a23cec1bfc77c77,174.0,EOA,Contract
2021-09-24 07:47:20+00:00,0xeed2c4598a5ea626b5f02565287a53666dec1a30,0x424ac434017de5f4e7f9586d6896922b0ba4aacc,41.06,EOA,Contract
2021-09-24 07:47:20+00:00,0x4976a4a02f38326660d17bf34b431dc6e2eb2327,0x2a710edb11821d6d7d683559e72748770f75a6a5,499.995,EOA,EOA
2021-09-24 07:47:20+00:00,0x3cd751e6b0078be393132286c442345e5dc49699,0xc08157b72c99de771cb8e29ff69b59bebd5f40bc,35.0,EOA,Contract
2021-09-24 07:48:14+00:00,0xd7eaea3110d2c700aad7ed7c88a5e93d84971ddd,0xd3d13a578a53685b4ac36a1bab31912d2b2a2f36,1501.03753658,EOA,Contract
2021-09-24 07:48:14+00:00,0xbb001024d6c3fa8063482383c7a6602da7d64cf5,0xc02aaa39b223fe8d0a0e5c4f27ead9083c756cc2,100.0,EOA,Contract
2021-09-24 07:51:12+00:00,0x4da51391e0a7f744e79ba2cbb9c6a14112110b43,0x5501057c76ba41d4d0fa2437deeb4468e5fed691,444.60131214905664,EOA,EOA
2021-09-24 07:51:15+00:00,0x2434e7e28b2b139511bc2b6f31e14ee1e6e03b4f,0xefb2e870b14d7e555a31b392541acf002dae6ae9,201.572184952,EOA,EOA
2021-09-24 07:51:47+00:00,0xc333e80ef2dec2805f239e3f1e810612d294f771,0x8c1b4060f885d89f4d0c063b341b6a596beee0e7,330.0,EOA,EOA
2021-09-24 07:51:53+00:00,0xf3f5c252e8acd60671f92c7f72cf33661221ef42,0x4dbd4fc535ac27206064b68ffcf827b0a60bab3f,300.0,EOA,Contract
2021-09-24 07:52:33+00:00,0x5d883db24826857675c4e43cf6600a42f18349a6,0x53b73fdb3e10c138e34d2064162493ce4455b7b3,57.72736777,EOA,Contract
2021-09-24 07:53:48+00:00,0x99d55311c1bb00d98149f1674bda908bffd8558f,0x5501057c76ba41d4d0fa2437deeb4468e5fed691,505.92996634285566,EOA,EOA
2021-09-24 07:53:57+00:00,0xa98e124dca65ca30f42bc2a7630c604caa572dec,0xe592427a0aece92de3edee1f18e0157c05861564,64.77371521034142,EOA,Contract
2021-09-24 07:55:04+00:00,0xe6ba08ebcf791eb7b3622fc90a69882d37701752,0xe7b472441d55680b45e7a3309a93a69afd3a3435,1500.0,EOA,EOA
2021-09-24 07:55:22+00:00,0x4ad64983349c49defe8d7a4686202d24b25d0ce8,0xe5782724e87bcd5a1f48737ff6cfeaf875ab5873,299.846,EOA,EOA
2021-09-24 07:55:22+00:00,0xbc4bfa3119b488ce3d5516c3857fb59cf8549d5d,0x11111112542d85b3ef69ae05771c2dccff4faa26,111.0,EOA,Contract
2021-09-24 07:55:30+00:00,0x96ec13657d2a31b955fd75f5b5de70cbf5954db7,0x530e0a6993ea99ffc96615af43f327225a5fe536,657.6730518756386,EOA,EOA
2021-09-24 07:57:25+00:00,0x21077c80971716faa403060a6d209274754a609d,0x530e0a6993ea99ffc96615af43f327225a5fe536,2885.998318017013,EOA,EOA
2021-09-24 07:58:55+00:00,0x21a31ee1afc51d94c2efccaa2092ad1028285549,0xe3792a9c235d434b702023b33f03c48c41631090,272.58006044,EOA,EOA
2021-09-24 07:58:55+00:00,0x647bc3a6f5577a0a4fee1e05b917081469fc0d38,0xfa52274dd61e1643d2205169732f29114bc240b3,95.67261704755326,EOA,Contract
2021-09-24 07:59:22+00:00,0x57d4e9b4a191d2bba64abd6c9250a500e29eea74,0x4745737d43f655a9c70b47a5e552ee2b0850f620,72.99652183589383,EOA,Contract
2021-09-24 08:00:24+00:00,0xf3f5c252e8acd60671f92c7f72cf33661221ef42,0x4dbd4fc535ac27206064b68ffcf827b0a60bab3f,90.0,EOA,Contract
2021-09-24 08:00:41+00:00,0x4d0e439ba905eb39aee88097433add619cf5257b,0xdc24316b9ae028f1497c275eb9192a3ea0f67022,500.0,EOA,Contract
2021-09-24 08:01:09+00:00,0xb3f3658bf332ba6c9c0cc5bc1201caba7ada819b,0xdef1c0ded9bec7f1a1670819833240f027b25eff,99.0,EOA,Contract
2021-09-24 08:01:09+00:00,0x61b3045b9ed35c6dddbcce8c4926308b27bcd7fb,0xc36442b4a4522e871399cd717abdd847ab11fe88,457.0,EOA,Contract
2021-09-24 08:02:09+00:00,0xee5b5b923ffce93a870b3104b7ca09c3db80047a,0xd66b48f1e4403fbdd078fec71373ae20580488cf,700.0,EOA,EOA
2021-09-24 08:02:16+00:00,0x5077bad139cde8e7865a9f6d4c147c21bb13828e,0x28c6c06298d514db089934071355e5743bf21d60,579.993801707,EOA,EOA
2021-09-24 08:02:16+00:00,0x73f9b272abda7a97cb1b237d85f9a7236edb6f16,0x28c6c06298d514db089934071355e5743bf21d60,152.595354867,EOA,EOA
2021-09-24 08:02:16+00:00,0x5501057c76ba41d4d0fa2437deeb4468e5fed691,0x28c6c06298d514db089934071355e5743bf21d60,1055.7851755993584,EOA,EOA
2021-09-24 08:02:16+00:00,0x9696f59e4d72e237be84ffd425dcad154bf96976,0xa5d07e978398eb1715056d3ca5cb31035c02fdad,1085.902066,EOA,EOA
2021-09-24 08:02:16+00:00,0xe5782724e87bcd5a1f48737ff6cfeaf875ab5873,0x28c6c06298d514db089934071355e5743bf21d60,299.840085461,EOA,EOA
2021-09-24 08:03:21+00:00,0xe976fc692d61e12f07d9065b753c8469309ed529,0xae7ab96520de3a18e5e111b5eaab095312d7fe84,41.7427,EOA,Contract
2021-09-24 08:03:28+00:00,0xc9610be2843f1618edfedd0860dc43551c727061,0xbb963f6d0e2881351329f491f399edea7f6212c0,180.0,EOA,EOA
2021-09-24 08:04:02+00:00,0xb3f3658bf332ba6c9c0cc5bc1201caba7ada819b,0xdef1c0ded9bec7f1a1670819833240f027b25eff,99.0,EOA,Contract
2021-09-24 08:04:10+00:00,0xd66b48f1e4403fbdd078fec71373ae20580488cf,0x1dfe33e5d97b0834b57142730d9e8d0a09cc9ea8,703.3766153227524,EOA,Contract
2021-09-24 08:05:08+00:00,0x0945260089850bc72432072501c6f545f6b64cec,0xdef1c0ded9bec7f1a1670819833240f027b25eff,640.5167070754092,EOA,Contract
2021-09-24 08:06:26+00:00,0xc55eddadeeb47fcde0b3b6f25bd47d745ba7e7fa,0x1f38c7d6e64954021f4f999ff64eb037dfc47d43,37.995,EOA,Contract
2021-09-24 08:06:26+00:00,0xd7f562dfffb1359901978b55740ee17581bace11,0x11111112542d85b3ef69ae05771c2dccff4faa26,40.0,EOA,Contract
2021-09-24 08:07:03+00:00,0x1132c9138aa4ccb8644bf670366648ae7b0fbcf3,0xa3f2b95fb1d8073a9bf2c7d1ba045062c90550ed,299.995,EOA,EOA
2021-09-24 08:07:03+00:00,0x45389138c9dce54716374f5ee059580d2c4ea9b5,0xbacbd55a0dc255b249271d644722d099b427948d,250.0,EOA,EOA
2021-09-24 08:08:10+00:00,0xa5d07e978398eb1715056d3ca5cb31035c02fdad,0xc02aaa39b223fe8d0a0e5c4f27ead9083c756cc2,1085.9,EOA,Contract
2021-09-24 08:08:45+00:00,0xafc8bc72c756ddc1957b276f5fbcb989dad93730,0x7b2e40555a8b43d83ec121de5d433371251fb4e9,1197.4910003791595,EOA,EOA
2021-09-24 08:09:16+00:00,0x267be1c1d684f78cb4f6a176c4911b741e4ffdc0,0x8afd8542540a2c5ce26d01ac3ae6cc1e9c32568f,176.9965,EOA,EOA
2021-09-24 08:09:52+00:00,0x6312c79e1816f3198a4e90c82be04725ff60bf89,0x722122df12d4e14e13ac3b6895a86e84145b6967,100.0,EOA,Contract
2021-09-24 08:11:49+00:00,0x0349923ae2b35ff4f0099869aeea99d1f3fd12a9,0xb56209cd6e663d41f4eaa7ac39e0f7bd877107bf,199.9987,EOA,EOA
2021-09-24 08:11:58+00:00,0x3b3d80e345dffa2342e165ef8bb07679d89934fc,0x5650df75e46bc566f30427697a4d95d75105cc7d,1199.0,EOA,EOA
2021-09-24 08:12:34+00:00,0xb56209cd6e663d41f4eaa7ac39e0f7bd877107bf,0xc098b2a3aa256d2140208c3de6543aaef5cd3a94,199.99707565,EOA,EOA
2021-09-24 08:12:34+00:00,0x5650df75e46bc566f30427697a4d95d75105cc7d,0xc098b2a3aa256d2140208c3de6543aaef5cd3a94,1198.99837565,EOA,EOA
2021-09-24 08:13:29+00:00,0xee2cdd47e2aedda2eb60b78d1ac929272636c095,0xa2f987a546d4cd1c607ee8141276876c26b72bdf,32.9,EOA,Contract
2021-09-24 08:15:41+00:00,0x4230c402c08cb66dcf3820649a115e54661fce9d,0x1db92e2eebc8e0c075a02bea49a2935bcd2dfcf4,42.19517301018028,EOA,Contract
2021-09-24 08:16:45+00:00,0xed21037f197a5e48022ecaa0bed580aba7ddfcb5,0xbf1556a7d625654e3d64d1f0466a60a697fac178,160.3215,EOA,Contract
2021-09-24 08:17:07+00:00,0xf3de78384585ce486d5b56075655081177f5b129,0x385ed6a8365255a86480881656e746ecc072a311,182.8,EOA,Contract
2021-09-24 08:17:11+00:00,0xe3792a9c235d434b702023b33f03c48c41631090,0xa95f2ce82294ee8596abc7411f25d89d840265f4,272.5781514331134,EOA,EOA
2021-09-24 08:18:09+00:00,0xc5ed2333f8a2c351fca35e5ebadb2a82f5d254c3,0x4dbd4fc535ac27206064b68ffcf827b0a60bab3f,4400.0,EOA,Contract
2021-09-24 08:18:39+00:00,0x11889c10ca33fbabdbeb0c5ffc016c8ee56f87f4,0x779eecc02964a43a52780341b74df86314c90d1a,158.41585958243985,EOA,EOA
2021-09-24 08:19:09+00:00,0xc5ed2333f8a2c351fca35e5ebadb2a82f5d254c3,0xa2569370a9d4841c9a62fc51269110f2eb7e0171,5000.0,EOA,Contract
2021-09-24 08:22:06+00:00,0x267be1c1d684f78cb4f6a176c4911b741e4ffdc0,0xf91e95f8df956e01f17cc9877bdb06bcaa16d09d,479.78967,EOA,Contract
2021-09-24 08:22:25+00:00,0xc098b2a3aa256d2140208c3de6543aaef5cd3a94,0x16755e2d72f481b2cc98ce72e36382c1210a39e0,480.51121728,EOA,EOA
2021-09-24 08:23:36+00:00,0x35632b6976b5b6ec3f8d700fabb7e1e0499c1bfa,0xe592427a0aece92de3edee1f18e0157c05861564,105.0,EOA,Contract
2021-09-24 08:23:57+00:00,0xac844b604d6c600fbe55c4383a6d87920b46a160,0xd9e1ce17f2641f24ae83637ab66a2cca9c378b9f,32.114087291073226,EOA,Contract
2021-09-24 08:25:02+00:00,0xa205fd7344656c72fdc645b72faf5a3de0b3e825,0xb56209cd6e663d41f4eaa7ac39e0f7bd877107bf,199.9987,EOA,EOA
2021-09-24 08:25:27+00:00,0xa7efae728d2936e78bda97dc267687568dd593f3,0x6f988506ebbf753000ab0569b1e5dcfa194a3afe,171.496,EOA,EOA
2021-09-24 08:26:11+00:00,0x0aaf4be8fdea290a84b6c9d1add4b10c9a24ebf4,0x881d40237659c251811cec9c364ef91dc08d300c,35.0,EOA,Contract
2021-09-24 08:26:11+00:00,0xb56209cd6e663d41f4eaa7ac39e0f7bd877107bf,0xc098b2a3aa256d2140208c3de6543aaef5cd3a94,199.99702924,EOA,EOA
2021-09-24 08:27:31+00:00,0x944f9f9b31f4de729b60e2c0b89de7cbdd5ac878,0xb47e3cd837ddf8e4c57f05d70ab865de6e193bbb,103.0,EOA,Contract
2021-09-24 08:28:41+00:00,0xa91ba330869290b3fdd92d9554cf3b6b4edbf407,0xfa52274dd61e1643d2205169732f29114bc240b3,34.054164457272705,EOA,Contract
2021-09-24 08:29:08+00:00,0xaf1a5dbda9c1ab2c9d798050ff83940120d91e3f,0x4a47577eae9155125fc1cde22fb307fe2d6e0d1d,200.0,EOA,EOA
2021-09-24 08:29:29+00:00,0xa205fd7344656c72fdc645b72faf5a3de0b3e825,0x2b263f27527f826b2816c349198aea974f9ef065,384.37,EOA,EOA
2021-09-24 08:30:03+00:00,0x4a47577eae9155125fc1cde22fb307fe2d6e0d1d,0xfa52274dd61e1643d2205169732f29114bc240b3,199.9978988565312,EOA,Contract
2021-09-24 08:30:03+00:00,0x58f56615180a8eea4c462235d9e215f72484b4a3,0x1a7ecd470cf676ed25c83ad14054bd773f79179c,249.0,EOA,EOA
2021-09-24 08:30:46+00:00,0x07c3aa37347c8102a24e5bfb261cf420aa4512fe,0xd06527d5e56a3495252a528c4987003b712860ee,1600.0,EOA,Contract
2021-09-24 08:31:09+00:00,0xc333e80ef2dec2805f239e3f1e810612d294f771,0x8408b4ff79195dd2c1b903204b3b41becc4bb486,146.527,EOA,Contract
2021-09-24 08:32:09+00:00,0xc333e80ef2dec2805f239e3f1e810612d294f771,0x8408b4ff79195dd2c1b903204b3b41becc4bb486,525.728,EOA,Contract
2021-09-24 08:36:31+00:00,0x6312c79e1816f3198a4e90c82be04725ff60bf89,0x722122df12d4e14e13ac3b6895a86e84145b6967,100.0,EOA,Contract
2021-09-24 08:36:55+00:00,0xaf1a5dbda9c1ab2c9d798050ff83940120d91e3f,0x4a47577eae9155125fc1cde22fb307fe2d6e0d1d,199.0,EOA,EOA
2021-09-24 08:36:55+00:00,0x258ede9f27da4922efd8543d6c49a6fa98ab842f,0xf4561c710ba450aab302ffc3557ee59bbce94ca6,3800.0,EOA,EOA
2021-09-24 08:37:45+00:00,0x4a47577eae9155125fc1cde22fb307fe2d6e0d1d,0xfa52274dd61e1643d2205169732f29114bc240b3,198.99811550123403,EOA,Contract
2021-09-24 08:38:11+00:00,0xa294cca691e4c83b1fc0c8d63d9a3eef0a196de1,0xd6e8376a3a257c5d5a6160238e699ec5a089365e,96.6466,EOA,Contract
2021-09-24 08:39:35+00:00,0x67d0bc49a008a63277794b79428dfd018b891ba0,0xfa52274dd61e1643d2205169732f29114bc240b3,142.08661035120795,EOA,Contract
2021-09-24 08:40:37+00:00,0x0d0707963952f2fba59dd06f2b425ace40b492fe,0xddb7488da7ae58118370b5d00927e6f2bde2b2f4,223.256087,EOA,EOA
2021-09-24 08:40:57+00:00,0x889f756ff05bb5ceb2ecd012b003b720758a0ee1,0xc36442b4a4522e871399cd717abdd847ab11fe88,64.44546853688503,EOA,Contract
2021-09-24 08:41:48+00:00,0x4ad64983349c49defe8d7a4686202d24b25d0ce8,0xb7111e13600d0525d43c5372ab0eff909d21b091,70.90554881,EOA,Contract
2021-09-24 08:42:55+00:00,0xddb7488da7ae58118370b5d00927e6f2bde2b2f4,0x1380ce8a28ff6b6113a321abca2ceecee6782203,500.0,EOA,EOA
2021-09-24 08:43:48+00:00,0xf4561c710ba450aab302ffc3557ee59bbce94ca6,0x33566c9d8be6cf0b23795e0d380e112be9d75836,3800.0,EOA,EOA
2021-09-24 08:44:26+00:00,0x6ae68156ed97fbf8ad19dbef7fb73c382440cd6c,0xb275483694d627242e77b95630168da4aec5da83,257.0,EOA,EOA
2021-09-24 08:46:04+00:00,0x8c1b4060f885d89f4d0c063b341b6a596beee0e7,0xcac725bef4f114f728cbcfd744a731c2a463c3fc,660.019886357,EOA,EOA
2021-09-24 08:46:04+00:00,0xf1024f28c4ccbd369fced531776b3e8bda0472eb,0x24179cd81c9e782a4096035f7ec97fb8b783e007,68.0,EOA,Contract
2021-09-24 08:46:04+00:00,0xa3f2b95fb1d8073a9bf2c7d1ba045062c90550ed,0x794d28ac31bcb136294761a556b68d2634094153,299.993929,EOA,EOA
2021-09-24 08:46:04+00:00,0xbacbd55a0dc255b249271d644722d099b427948d,0x73f8fc2e74302eb2efda125a326655acf0dc2d1b,249.998929,EOA,EOA
2021-09-24 08:46:20+00:00,0x172d894db40435d04a099e081eade6492d3e71a8,0xfcadf926669e7cad0e50287ea7d563020289ed2c,50.0,EOA,Contract
2021-09-24 08:46:57+00:00,0xc333e80ef2dec2805f239e3f1e810612d294f771,0x5e11fd8e4aee03f67149cb24ea91a26657772439,402.0,EOA,Contract
2021-09-24 08:46:57+00:00,0x0016c0d0343e8f2c3a7b6a51606b84b1545ec606,0x6fc48de8f167456b7aa27dd4ecfabba329ea623d,6000.0,EOA,EOA
2021-09-24 08:50:14+00:00,0x6fc48de8f167456b7aa27dd4ecfabba329ea623d,0x3f9c8a81f23f871ca7165fa19f51d9afdbd0c86b,600.0,EOA,EOA
2021-09-24 08:50:14+00:00,0x6fc48de8f167456b7aa27dd4ecfabba329ea623d,0x3f9c8a81f23f871ca7165fa19f51d9afdbd0c86b,443.0,EOA,EOA
2021-09-24 08:50:14+00:00,0x6fc48de8f167456b7aa27dd4ecfabba329ea623d,0x3f9c8a81f23f871ca7165fa19f51d9afdbd0c86b,600.0,EOA,EOA
2021-09-24 08:50:14+00:00,0x6fc48de8f167456b7aa27dd4ecfabba329ea623d,0x3f9c8a81f23f871ca7165fa19f51d9afdbd0c86b,600.0,EOA,EOA
2021-09-24 08:50:14+00:00,0x6fc48de8f167456b7aa27dd4ecfabba329ea623d,0x3f9c8a81f23f871ca7165fa19f51d9afdbd0c86b,600.0,EOA,EOA
2021-09-24 08:50:14+00:00,0x6fc48de8f167456b7aa27dd4ecfabba329ea623d,0x3f9c8a81f23f871ca7165fa19f51d9afdbd0c86b,600.0,EOA,EOA
2021-09-24 08:50:14+00:00,0x6fc48de8f167456b7aa27dd4ecfabba329ea623d,0x3f9c8a81f23f871ca7165fa19f51d9afdbd0c86b,600.0,EOA,EOA
2021-09-24 08:50:14+00:00,0x6fc48de8f167456b7aa27dd4ecfabba329ea623d,0x3f9c8a81f23f871ca7165fa19f51d9afdbd0c86b,600.0,EOA,EOA
2021-09-24 08:50:21+00:00,0x4f6742badb049791cd9a37ea913f2bac38d01279,0xcb8bbfa45541a95c1de883eb3606708cae9fd45c,3547.8357938529603,EOA,EOA
2021-09-24 08:50:57+00:00,0x4f6742badb049791cd9a37ea913f2bac38d01279,0xc602dc3fb4a966cd6aed233db2ae4a5e596fcc27,3188.1387956134686,EOA,EOA
2021-09-24 08:51:19+00:00,0xc555243b97ac86eadc6934ad7c40f5e609d8bc98,0x03f34be1bf910116595db1b11e9d1b2ca5d59659,30.3,EOA,Contract
2021-09-24 08:52:16+00:00,0x4f6742badb049791cd9a37ea913f2bac38d01279,0x59a7f0779829bf51dbb1ecd9db873b6a2cf57f42,3221.4724105390196,EOA,EOA
2021-09-24 08:52:16+00:00,0xdfd5293d8e347dfe59e90efd55b2956a1343963d,0xa03d3611b34c3c49dbcb8206ed08fe6467f684a5,699.995,EOA,EOA
2021-09-24 08:52:28+00:00,0x1a7ecd470cf676ed25c83ad14054bd773f79179c,0x8bf9ec2f88eae59dcb07f922c834c89960a79b9e,338.0,EOA,Contract
2021-09-24 08:52:28+00:00,0x5097119dcb1ce3725dbcbe42356722dbacfc3b81,0x924cd9b60f4173dcdd5254ddd38c4f9cab68fe6b,400.0,EOA,EOA
2021-09-24 08:52:57+00:00,0xcb8bbfa45541a95c1de883eb3606708cae9fd45c,0x614c72b6146829fafc05b8d47b684ce3831ea370,3296.0,EOA,Contract
2021-09-24 08:53:04+00:00,0xa38cdb63c943e9481c9b87db5c80f5ac333d16ed,0xd9e1ce17f2641f24ae83637ab66a2cca9c378b9f,100.0,EOA,Contract
2021-09-24 08:53:31+00:00,0x9e437b064cfc7801808c5e476abfafa5069ab55b,0xc02aaa39b223fe8d0a0e5c4f27ead9083c756cc2,41.0,EOA,Contract
2021-09-24 08:53:43+00:00,0x56eddb7aa87536c09ccc2793473599fd21a8b17f,0xf584f8728b874a6a5c7a8d4d387c9aae9172d621,303.0,EOA,EOA
2021-09-24 08:53:43+00:00,0xc098b2a3aa256d2140208c3de6543aaef5cd3a94,0xef813dd7e2ab57c63a4bbecaf7cb3600aa7e7e75,41.99,EOA,Contract
2021-09-24 08:55:45+00:00,0x301d5005ee2923e03cda2c29a9666465b30e3f69,0xc3ef62ed6a6031cbcc075adf09e5b67893ffdff6,444.9,EOA,EOA
2021-09-24 08:56:18+00:00,0x92acb77eec574c6653d4b301b544458bb1fe6db6,0x1f458be8c2b7aa40e05ae136c94fdf900ccdb79f,32.0,EOA,Contract
2021-09-24 08:56:56+00:00,0xc803698a4be31f0b9035b6eba17623698f3e2f82,0x7a250d5630b4cf539739df2c5dacb4c659f2488d,100.0,EOA,Contract
2021-09-24 08:58:24+00:00,0x28c6c06298d514db089934071355e5743bf21d60,0xd677878938106d0b8b42a1d4a8d2d8019924971e,209.995,EOA,Contract
2021-09-24 08:58:24+00:00,0xfe8f318c45996556098b715b08d398e09f4cf95d,0xe592427a0aece92de3edee1f18e0157c05861564,93.91,EOA,Contract
2021-09-24 08:58:45+00:00,0xc803698a4be31f0b9035b6eba17623698f3e2f82,0x7a250d5630b4cf539739df2c5dacb4c659f2488d,100.0,EOA,Contract
2021-09-24 08:58:45+00:00,0x5bd9dee999fe2c4e6efdbab2c395b4685b0c00d0,0x11111112542d85b3ef69ae05771c2dccff4faa26,50.0,EOA,Contract
2021-09-24 08:59:17+00:00,0x52eaa3345a9b68d3b5d52da2fd47ebfc5ed11d4e,0x24179cd81c9e782a4096035f7ec97fb8b783e007,100.0,EOA,Contract
2021-09-24 08:59:17+00:00,0xfd1346952690f1920acf93a38a2088d9cad6d4cb,0xd9e1ce17f2641f24ae83637ab66a2cca9c378b9f,46.891358349721656,EOA,Contract
2021-09-24 08:59:17+00:00,0xb2b6a75099b4bc294221885f3df673a7df64ec6e,0xe129d0eca69ed82c700c110870aa1c9d1f7a6846,25000.0,EOA,EOA
2021-09-24 08:59:25+00:00,0x9696f59e4d72e237be84ffd425dcad154bf96976,0x34af96b2c7df3a52dca2182dd0d64b3a3e7cca0c,999.995,EOA,Contract
2021-09-24 09:00:16+00:00,0x1d28a703ab06bcef8666e4692fe63188b6fcbca2,0xb47e3cd837ddf8e4c57f05d70ab865de6e193bbb,115.0,EOA,Contract
2021-09-24 09:00:16+00:00,0xfd1346952690f1920acf93a38a2088d9cad6d4cb,0xd9e1ce17f2641f24ae83637ab66a2cca9c378b9f,46.890140099514184,EOA,Contract
2021-09-24 09:01:42+00:00,0x2b263f27527f826b2816c349198aea974f9ef065,0x28c6c06298d514db089934071355e5743bf21d60,384.352473723,EOA,EOA
2021-09-24 09:02:26+00:00,0xb2b6a75099b4bc294221885f3df673a7df64ec6e,0x4dbd4fc535ac27206064b68ffcf827b0a60bab3f,14000.0,EOA,Contract
2021-09-24 09:02:26+00:00,0x9696f59e4d72e237be84ffd425dcad154bf96976,0xb3c839dbde6b96d37c56ee4f9dad3390d49310aa,389.995,EOA,Contract
2021-09-24 09:02:31+00:00,0xe129d0eca69ed82c700c110870aa1c9d1f7a6846,0x28c6c06298d514db089934071355e5743bf21d60,25010.006755428,EOA,EOA
2021-09-24 09:02:31+00:00,0xbcab0c652bd6cf52a0bc20cc577018c8c813e04e,0xa976ea51b9ba3232706af125a92e32788dc08ddc,154.0,EOA,Contract
2021-09-24 09:03:18+00:00,0x92d385172c6ec14ed5a670a8148db3fd70f62a40,0x7a250d5630b4cf539739df2c5dacb4c659f2488d,34.0,EOA,Contract
2021-09-24 09:03:18+00:00,0x96aea3a04627f96a038b348b4d34ac24df08820a,0xd9e1ce17f2641f24ae83637ab66a2cca9c378b9f,46.42607422870668,EOA,Contract
2021-09-24 09:03:35+00:00,0x96aea3a04627f96a038b348b4d34ac24df08820a,0xf164fc0ec4e93095b804a4795bbe1e041497b92a,37.54149048037034,EOA,Contract
2021-09-24 09:03:35+00:00,0x5bd9dee999fe2c4e6efdbab2c395b4685b0c00d0,0x1c87257f5e8609940bc751a07bb085bb7f8cdbe6,34.0,EOA,Contract
2021-09-24 09:04:09+00:00,0x6c2d992b7739dfb363a473cc4f28998b7f1f6de2,0xc02aaa39b223fe8d0a0e5c4f27ead9083c756cc2,76.77885829416725,EOA,Contract
2021-09-24 09:04:09+00:00,0x7b1886e49ab5433bb46f7258548092dc8cdca28b,0xc02aaa39b223fe8d0a0e5c4f27ead9083c756cc2,68.35702720855133,EOA,Contract
2021-09-24 09:04:21+00:00,0x4ad64983349c49defe8d7a4686202d24b25d0ce8,0x4b8a339be06ff31752a806995b72e76e93dd9106,306.2446,EOA,EOA
2021-09-24 09:04:21+00:00,0x21a31ee1afc51d94c2efccaa2092ad1028285549,0x34af96b2c7df3a52dca2182dd0d64b3a3e7cca0c,899.995,EOA,Contract
2021-09-24 09:04:21+00:00,0xdfd5293d8e347dfe59e90efd55b2956a1343963d,0x1029dc145a9f75791fa43d1b92a7628ccea584ee,143.47860314,EOA,Contract
2021-09-24 09:04:21+00:00,0x7ec9a822079583347c01c3d3c52fcede78f69137,0x11111112542d85b3ef69ae05771c2dccff4faa26,57.0,EOA,Contract
2021-09-24 09:04:48+00:00,0x848d47d6a68fc0ce61e234257fa7024c59d331dc,0xc02aaa39b223fe8d0a0e5c4f27ead9083c756cc2,49.81749729636913,EOA,Contract
2021-09-24 09:05:20+00:00,0xbb001024d6c3fa8063482383c7a6602da7d64cf5,0xc02aaa39b223fe8d0a0e5c4f27ead9083c756cc2,120.05771226785129,EOA,Contract
2021-09-24 09:05:20+00:00,0x7ec9a822079583347c01c3d3c52fcede78f69137,0x11111112542d85b3ef69ae05771c2dccff4faa26,57.0,EOA,Contract
2021-09-24 09:06:11+00:00,0xcac725bef4f114f728cbcfd744a731c2a463c3fc,0xe5782724e87bcd5a1f48737ff6cfeaf875ab5873,299.9495,EOA,EOA
2021-09-24 09:06:11+00:00,0xc9610be2843f1618edfedd0860dc43551c727061,0x310962d9a743f1d9f153743b90b2121e040b42d8,319.996,EOA,EOA
2021-09-24 09:06:11+00:00,0xa7efae728d2936e78bda97dc267687568dd593f3,0x6b06eb7aef2d2515cc2385f141154fc266057fb8,450.0,EOA,Contract
2021-09-24 09:06:11+00:00,0x21a31ee1afc51d94c2efccaa2092ad1028285549,0x34af96b2c7df3a52dca2182dd0d64b3a3e7cca0c,599.995,EOA,Contract
2021-09-24 09:06:11+00:00,0x28c6c06298d514db089934071355e5743bf21d60,0xd677878938106d0b8b42a1d4a8d2d8019924971e,199.995,EOA,Contract
2021-09-24 09:06:55+00:00,0xc098b2a3aa256d2140208c3de6543aaef5cd3a94,0xedc7001e99a37c3d23b5f7974f837387e09f9c93,723.999,EOA,EOA
2021-09-24 09:06:55+00:00,0x5018db207a26011e51704737dedd7de6f496926b,0x4ad64983349c49defe8d7a4686202d24b25d0ce8,206.24357464325536,EOA,EOA
2021-09-24 09:06:55+00:00,0xa7efae728d2936e78bda97dc267687568dd593f3,0x22f1e4fa15c3c1dda5264234117975eaaca1fdf2,199.996,EOA,EOA
2021-09-24 09:06:55+00:00,0x58f42633bd2ccb8dba96abb9ea4474ef2935374e,0x11111112542d85b3ef69ae05771c2dccff4faa26,63.0,EOA,Contract
2021-09-24 09:06:55+00:00,0xcac725bef4f114f728cbcfd744a731c2a463c3fc,0x7fb889f6dec4870a83d9926c4ce4f23cd794e62f,300.2773,EOA,EOA
2021-09-24 09:06:55+00:00,0x56178a0d5f301baf6cf3e1cd53d9863437345bf9,0x4ddc2d193948926d02f9b1fe9e1daa0718270ed5,184.07219883002386,EOA,Contract
2021-09-24 09:07:40+00:00,0x167a9333bf582556f35bd4d16a7e80e191aa6476,0x55be3cddf98f6452c77d8719b6df24db66ca9d79,464.34200293,EOA,EOA
2021-09-24 09:07:40+00:00,0xf99fe6ee0aef1ba197a4f47dac396b54ea4ca05f,0x7a250d5630b4cf539739df2c5dacb4c659f2488d,92.21337371941998,EOA,Contract
2021-09-24 09:07:40+00:00,0xe815c19abef49d1a6cee179a0d03dcd950448269,0xc02aaa39b223fe8d0a0e5c4f27ead9083c756cc2,40.368334067801484,EOA,Contract
2021-09-24 09:07:40+00:00,0xae7861c80d03826837a50b45aecf11ec677f6586,0xd9e1ce17f2641f24ae83637ab66a2cca9c378b9f,31.016997187203028,EOA,Contract
2021-09-24 09:07:40+00:00,0xa7efae728d2936e78bda97dc267687568dd593f3,0x6f988506ebbf753000ab0569b1e5dcfa194a3afe,171.396,EOA,EOA
2021-09-24 09:07:40+00:00,0x27e9f4748a2eb776be193a1f7dec2bb6daafe9cf,0xe5782724e87bcd5a1f48737ff6cfeaf875ab5873,299.964,EOA,EOA
2021-09-24 09:07:40+00:00,0x6c2d992b7739dfb363a473cc4f28998b7f1f6de2,0xc02aaa39b223fe8d0a0e5c4f27ead9083c756cc2,107.42099744027034,EOA,Contract
2021-09-24 09:07:40+00:00,0x0b9dc2952be19dcbfaa22a7b47e6da49215dff04,0xd9e1ce17f2641f24ae83637ab66a2cca9c378b9f,41.61755326703244,EOA,Contract
2021-09-24 09:07:40+00:00,0x5bd9dee999fe2c4e6efdbab2c395b4685b0c00d0,0x1c87257f5e8609940bc751a07bb085bb7f8cdbe6,58.596550448408074,EOA,Contract
2021-09-24 09:09:38+00:00,0xa2b16c27c0766a1df18892f7b0413b4f5806ee4d,0x11111112542d85b3ef69ae05771c2dccff4faa26,58.5,EOA,Contract
2021-09-24 09:09:38+00:00,0xc098b2a3aa256d2140208c3de6543aaef5cd3a94,0xa976ea51b9ba3232706af125a92e32788dc08ddc,100.0,EOA,Contract
2021-09-24 09:09:50+00:00,0x6cf2656c825656bb07a6630855618df37bec7725,0x11111112542d85b3ef69ae05771c2dccff4faa26,200.0,EOA,Contract
2021-09-24 09:09:50+00:00,0x58f42633bd2ccb8dba96abb9ea4474ef2935374e,0x11111112542d85b3ef69ae05771c2dccff4faa26,63.0,EOA,Contract
2021-09-24 09:09:50+00:00,0x7fb889f6dec4870a83d9926c4ce4f23cd794e62f,0x11111112542d85b3ef69ae05771c2dccff4faa26,300.0,EOA,Contract
2021-09-24 09:09:50+00:00,0x9696f59e4d72e237be84ffd425dcad154bf96976,0x95a0b44b16231852fa54ece6e55acb8ef2885854,233.995,EOA,Contract
2021-09-24 09:09:50+00:00,0x63aea877b5d5fa234a1532f1b26a4f6d9051866e,0x11111112542d85b3ef69ae05771c2dccff4faa26,40.0,EOA,Contract
2021-09-24 09:09:50+00:00,0x27e9f4748a2eb776be193a1f7dec2bb6daafe9cf,0xfa103c21ea2df71dfb92b0652f8b1d795e51cdef,1357.443137,EOA,Contract
2021-09-24 09:09:50+00:00,0xa7efae728d2936e78bda97dc267687568dd593f3,0x84b38bc60f3bd82640ecefa320dab2be62e2da15,450.0,EOA,EOA
2021-09-24 09:09:50+00:00,0x28c6c06298d514db089934071355e5743bf21d60,0x34af96b2c7df3a52dca2182dd0d64b3a3e7cca0c,799.995,EOA,Contract
2021-09-24 09:10:31+00:00,0xc098b2a3aa256d2140208c3de6543aaef5cd3a94,0x19bc2e984a2e3bc5453c693d2f9617be9e508f92,508.23,EOA,EOA
2021-09-24 09:10:31+00:00,0xedc7001e99a37c3d23b5f7974f837387e09f9c93,0x3cd751e6b0078be393132286c442345e5dc49699,723.9965661153946,EOA,EOA
2021-09-24 09:10:31+00:00,0x63aea877b5d5fa234a1532f1b26a4f6d9051866e,0x11111112542d85b3ef69ae05771c2dccff4faa26,40.0,EOA,Contract
2021-09-24 09:10:31+00:00,0x7b1886e49ab5433bb46f7258548092dc8cdca28b,0xc02aaa39b223fe8d0a0e5c4f27ead9083c756cc2,117.60704022504737,EOA,Contract
2021-09-24 09:10:31+00:00,0x3c979fb790c86e361738ed17588c1e8b4c4cc49a,0xa93ef39a6b51a81a9b60bc65a2565e425c2a1a6a,333.0,EOA,EOA
2021-09-24 09:10:31+00:00,0x7109f0ef1d2b2b99f37b414338e5e68a11028df9,0x9271d303b57c204636c38df0ed339b18bf98f909,79.0,EOA,Contract
2021-09-24 09:11:26+00:00,0x6cf2656c825656bb07a6630855618df37bec7725,0x11111112542d85b3ef69ae05771c2dccff4faa26,200.0,EOA,Contract
2021-09-24 09:11:26+00:00,0xb5d85cbf7cb3ee0d56b3bb207d5fc4b82f43f511,0xfa103c21ea2df71dfb92b0652f8b1d795e51cdef,1319.74342253,EOA,Contract
2021-09-24 09:11:26+00:00,0xc333e80ef2dec2805f239e3f1e810612d294f771,0x7ecfeb05ae0f219f7271b38d74c406cc23edbf4e,510.0,EOA,EOA
2021-09-24 09:11:26+00:00,0x9696f59e4d72e237be84ffd425dcad154bf96976,0xfa103c21ea2df71dfb92b0652f8b1d795e51cdef,1314.9491,EOA,Contract
2021-09-24 09:11:26+00:00,0x27e9f4748a2eb776be193a1f7dec2bb6daafe9cf,0x7fb889f6dec4870a83d9926c4ce4f23cd794e62f,300.98085397,EOA,EOA
2021-09-24 09:11:26+00:00,0x56eddb7aa87536c09ccc2793473599fd21a8b17f,0x34af96b2c7df3a52dca2182dd0d64b3a3e7cca0c,499.995,EOA,Contract
2021-09-24 09:11:26+00:00,0x63aea877b5d5fa234a1532f1b26a4f6d9051866e,0x11111112542d85b3ef69ae05771c2dccff4faa26,40.0,EOA,Contract
2021-09-24 09:12:23+00:00,0x9696f59e4d72e237be84ffd425dcad154bf96976,0x326d9d4870c636d9b25c939237e0f1ea9ea1a974,299.995,EOA,EOA
2021-09-24 09:12:23+00:00,0xc333e80ef2dec2805f239e3f1e810612d294f771,0xa102a06fa1abd8105a6e9965281539099adc7d7c,640.0,EOA,EOA
2021-09-24 09:12:59+00:00,0xa7efae728d2936e78bda97dc267687568dd593f3,0xbc772a2f76d2f76c25ff6cb6be8276663fc1410c,155.596,EOA,EOA
2021-09-24 09:13:15+00:00,0xa93ef39a6b51a81a9b60bc65a2565e425c2a1a6a,0x876eabf441b2ee5b5b0554fd502a8e0600950cfa,332.97530133,EOA,EOA
2021-09-24 09:13:20+00:00,0xa102a06fa1abd8105a6e9965281539099adc7d7c,0xeb2629a2734e272bcc07bda959863f316f4bd4cf,639.9966258215196,EOA,EOA
2021-09-24 09:13:20+00:00,0x19bc2e984a2e3bc5453c693d2f9617be9e508f92,0xeb2629a2734e272bcc07bda959863f316f4bd4cf,508.22672228329697,EOA,EOA
2021-09-24 09:13:33+00:00,0x1d28a703ab06bcef8666e4692fe63188b6fcbca2,0xb47e3cd837ddf8e4c57f05d70ab865de6e193bbb,120.0,EOA,Contract
2021-09-24 09:13:33+00:00,0x5159a24c90aa77d75ff2bb104a6c1221a2e97355,0xdef171fe48cf0115b1d80b88dc8eab59176fee57,91.11274759915825,EOA,Contract
2021-09-24 09:13:37+00:00,0x62c04bfb289e8626e0bf45c889a6ab26e3718404,0x051d879b4f35da876160ccde17feffd59a5f2f76,100.0,EOA,Contract
2021-09-24 09:13:41+00:00,0x3cf4d7e888425a37c8bbfce75b5741fc84cfabc8,0x7a250d5630b4cf539739df2c5dacb4c659f2488d,150.0,EOA,Contract
2021-09-24 09:13:46+00:00,0x7fb889f6dec4870a83d9926c4ce4f23cd794e62f,0x11111112542d85b3ef69ae05771c2dccff4faa26,300.0,EOA,Contract
2021-09-24 09:13:46+00:00,0x344edc5e272b5f91985c1d6b2c51ce393a910930,0xe592427a0aece92de3edee1f18e0157c05861564,45.52975122136084,EOA,Contract
2021-09-24 09:13:54+00:00,0x7ecfeb05ae0f219f7271b38d74c406cc23edbf4e,0xa910f92acdaf488fa6ef02174fb86208ad7722ba,509.9981503428873,EOA,EOA
2021-09-24 09:13:54+00:00,0x25eaff5b179f209cf186b1cdcbfa463a69df4c45,0xd971aaa92648db32d5975e172ff3b7936f43892f,691.999,EOA,EOA
2021-09-24 09:13:57+00:00,0x4f2604aac91114ae3b3d0be485d407d02b24480b,0xe592427a0aece92de3edee1f18e0157c05861564,60.0,EOA,Contract
2021-09-24 09:14:25+00:00,0x7fb889f6dec4870a83d9926c4ce4f23cd794e62f,0x11111112542d85b3ef69ae05771c2dccff4faa26,300.0,EOA,Contract
2021-09-24 09:14:25+00:00,0xab06b2a6b4ac245268943e3c37c6d359f6f18617,0x12cff71edfc4e16eec6373f1fb37c5cf3ca71c19,251.00046,EOA,EOA
2021-09-24 09:14:39+00:00,0x56178a0d5f301baf6cf3e1cd53d9863437345bf9,0x4ddc2d193948926d02f9b1fe9e1daa0718270ed5,362.6810008835476,EOA,Contract
2021-09-24 09:14:40+00:00,0x58f42633bd2ccb8dba96abb9ea4474ef2935374e,0x11111112542d85b3ef69ae05771c2dccff4faa26,145.0,EOA,Contract
2021-09-24 09:14:40+00:00,0x5953ffcb056dc2bf11a38646d26db9acca885e08,0xd9e1ce17f2641f24ae83637ab66a2cca9c378b9f,38.75,EOA,Contract
2021-09-24 09:14:53+00:00,0x12cff71edfc4e16eec6373f1fb37c5cf3ca71c19,0xa7efae728d2936e78bda97dc267687568dd593f3,251.00063753,EOA,EOA
2021-09-24 09:14:53+00:00,0x5159a24c90aa77d75ff2bb104a6c1221a2e97355,0x11111112542d85b3ef69ae05771c2dccff4faa26,91.15247000000001,EOA,Contract
2021-09-24 09:14:53+00:00,0x5bd9dee999fe2c4e6efdbab2c395b4685b0c00d0,0x1c87257f5e8609940bc751a07bb085bb7f8cdbe6,59.037950160782295,EOA,Contract
2021-09-24 09:14:53+00:00,0x8639afaba2631c7c09220b161d2b3d0d4764ef85,0xc02aaa39b223fe8d0a0e5c4f27ead9083c756cc2,240.48523063107552,EOA,Contract
2021-09-24 09:14:53+00:00,0xdfd5293d8e347dfe59e90efd55b2956a1343963d,0xb3c839dbde6b96d37c56ee4f9dad3390d49310aa,179.995,EOA,Contract
2021-09-24 09:14:53+00:00,0x56eddb7aa87536c09ccc2793473599fd21a8b17f,0x34af96b2c7df3a52dca2182dd0d64b3a3e7cca0c,699.995,EOA,Contract
2021-09-24 09:15:23+00:00,0x18718bf133eeb5d14a82d5d7e977ce63987a4402,0xab06b2a6b4ac245268943e3c37c6d359f6f18617,268.05738469755823,EOA,EOA
2021-09-24 09:15:23+00:00,0x376a6efe8e98f3ae2af230b3d45b8cc5e962bc27,0x11111112542d85b3ef69ae05771c2dccff4faa26,196.0,EOA,Contract
2021-09-24 09:15:23+00:00,0xf66852bc122fd40bfecc63cd48217e88bda12109,0x7fb889f6dec4870a83d9926c4ce4f23cd794e62f,300.99551093,EOA,EOA
2021-09-24 09:16:04+00:00,0xd4ee4919fb37f2bb970c3fff54aaf1f3dda6c03f,0xc36442b4a4522e871399cd717abdd847ab11fe88,682.0,EOA,Contract
2021-09-24 09:16:04+00:00,0x7ec9a822079583347c01c3d3c52fcede78f69137,0x11111112542d85b3ef69ae05771c2dccff4faa26,80.0,EOA,Contract
2021-09-24 09:16:04+00:00,0xd64ea8099c1e4e785f84952e406e5e37e1a447ed,0xe592427a0aece92de3edee1f18e0157c05861564,50.0,EOA,Contract
2021-09-24 09:16:04+00:00,0xf66852bc122fd40bfecc63cd48217e88bda12109,0xe5782724e87bcd5a1f48737ff6cfeaf875ab5873,1000.0,EOA,EOA
2021-09-24 09:16:14+00:00,0xc098b2a3aa256d2140208c3de6543aaef5cd3a94,0x19bc2e984a2e3bc5453c693d2f9617be9e508f92,505.893,EOA,EOA
2021-09-24 09:16:14+00:00,0x73f8fc2e74302eb2efda125a326655acf0dc2d1b,0xb3c839dbde6b96d37c56ee4f9dad3390d49310aa,209.996,EOA,Contract
2021-09-24 09:16:42+00:00,0x9882dff01ac22e5aabf6a3b57ff9aa66c5af82ab,0x11111112542d85b3ef69ae05771c2dccff4faa26,150.0,EOA,Contract
2021-09-24 09:16:42+00:00,0x96aea3a04627f96a038b348b4d34ac24df08820a,0xf164fc0ec4e93095b804a4795bbe1e041497b92a,54.015917482573926,EOA,Contract
2021-09-24 09:16:42+00:00,0xc95be67a9bd49618d8c7a16c7f460cfd05ff75d8,0x881d40237659c251811cec9c364ef91dc08d300c,40.0,EOA,Contract
2021-09-24 09:16:47+00:00,0x63aea877b5d5fa234a1532f1b26a4f6d9051866e,0x11111112542d85b3ef69ae05771c2dccff4faa26,35.0,EOA,Contract
2021-09-24 09:16:47+00:00,0x4f2604aac91114ae3b3d0be485d407d02b24480b,0xe592427a0aece92de3edee1f18e0157c05861564,130.0,EOA,Contract
2021-09-24 09:17:05+00:00,0xe815c19abef49d1a6cee179a0d03dcd950448269,0xc02aaa39b223fe8d0a0e5c4f27ead9083c756cc2,35.85881909491057,EOA,Contract
2021-09-24 09:17:05+00:00,0xa7efae728d2936e78bda97dc267687568dd593f3,0xd971aaa92648db32d5975e172ff3b7936f43892f,450.0,EOA,EOA
2021-09-24 09:17:11+00:00,0x7ec9a822079583347c01c3d3c52fcede78f69137,0x11111112542d85b3ef69ae05771c2dccff4faa26,80.0,EOA,Contract
2021-09-24 09:17:28+00:00,0xab06b2a6b4ac245268943e3c37c6d359f6f18617,0x12cff71edfc4e16eec6373f1fb37c5cf3ca71c19,249.00052,EOA,EOA
2021-09-24 09:17:28+00:00,0x4976a4a02f38326660d17bf34b431dc6e2eb2327,0x1029dc145a9f75791fa43d1b92a7628ccea584ee,140.12345666,EOA,Contract
2021-09-24 09:17:28+00:00,0x56eddb7aa87536c09ccc2793473599fd21a8b17f,0x720dbfaf542aa8da3a2f07528bc7a6617e692467,464.33709587,EOA,EOA
2021-09-24 09:17:28+00:00,0xbb001024d6c3fa8063482383c7a6602da7d64cf5,0xc02aaa39b223fe8d0a0e5c4f27ead9083c756cc2,119.92608110942842,EOA,Contract
2021-09-24 09:17:44+00:00,0x58f42633bd2ccb8dba96abb9ea4474ef2935374e,0x11111112542d85b3ef69ae05771c2dccff4faa26,145.0,EOA,Contract
2021-09-24 09:17:44+00:00,0x7fb889f6dec4870a83d9926c4ce4f23cd794e62f,0x11111112542d85b3ef69ae05771c2dccff4faa26,300.0,EOA,Contract
2021-09-24 09:17:52+00:00,0x5953ffcb056dc2bf11a38646d26db9acca885e08,0xd9e1ce17f2641f24ae83637ab66a2cca9c378b9f,38.445285806830924,EOA,Contract
2021-09-24 09:17:52+00:00,0x9eb4d8c14a49e8625ad7fb5e6e37deefe7dcedaf,0xe592427a0aece92de3edee1f18e0157c05861564,200.0,EOA,Contract
2021-09-24 09:17:52+00:00,0x239062aa51bf71e7e0026ddc0ef76cc949043bb7,0xd07b14873caeb70582d6e0686d46bb8cfe0ffa70,163.82100572568507,EOA,EOA
2021-09-24 09:17:52+00:00,0x73f8fc2e74302eb2efda125a326655acf0dc2d1b,0xe5782724e87bcd5a1f48737ff6cfeaf875ab5873,500.0,EOA,EOA
2021-09-24 09:17:52+00:00,0xddfabcdc4d8ffc6d5beaf154f18b778f892a0740,0xfa103c21ea2df71dfb92b0652f8b1d795e51cdef,1302.859207,EOA,Contract
2021-09-24 09:18:33+00:00,0xc098b2a3aa256d2140208c3de6543aaef5cd3a94,0x5bd9dee999fe2c4e6efdbab2c395b4685b0c00d0,150.0,EOA,EOA
2021-09-24 09:18:37+00:00,0x56eddb7aa87536c09ccc2793473599fd21a8b17f,0x34af96b2c7df3a52dca2182dd0d64b3a3e7cca0c,599.995,EOA,Contract
2021-09-24 09:18:38+00:00,0x720dbfaf542aa8da3a2f07528bc7a6617e692467,0xc098b2a3aa256d2140208c3de6543aaef5cd3a94,464.33498386361657,EOA,EOA
2021-09-24 09:18:38+00:00,0x5bab001443335dc45f5980c985217a4f4bb8ccae,0xe592427a0aece92de3edee1f18e0157c05861564,40.0,EOA,Contract
2021-09-24 09:19:06+00:00,0x6c2d992b7739dfb363a473cc4f28998b7f1f6de2,0xc02aaa39b223fe8d0a0e5c4f27ead9083c756cc2,114.69059897334685,EOA,Contract
2021-09-24 09:20:03+00:00,0xd64ea8099c1e4e785f84952e406e5e37e1a447ed,0xe592427a0aece92de3edee1f18e0157c05861564,50.0,EOA,Contract
2021-09-24 09:20:03+00:00,0x19bc2e984a2e3bc5453c693d2f9617be9e508f92,0xddfabcdc4d8ffc6d5beaf154f18b778f892a0740,505.8911785589836,EOA,EOA
2021-09-24 09:20:03+00:00,0xa3a6404e48f526928e90ec7b6bb631bd17076e60,0x7be8076f4ea4a4ad08075c2508e481d6c946d12b,100.0,EOA,Contract
2021-09-24 09:20:08+00:00,0x28c6c06298d514db089934071355e5743bf21d60,0xd677878938106d0b8b42a1d4a8d2d8019924971e,229.995,EOA,Contract
2021-09-24 09:20:13+00:00,0x848d47d6a68fc0ce61e234257fa7024c59d331dc,0xc02aaa39b223fe8d0a0e5c4f27ead9083c756cc2,47.34094410456377,EOA,Contract
2021-09-24 09:20:22+00:00,0xf66852bc122fd40bfecc63cd48217e88bda12109,0xe5782724e87bcd5a1f48737ff6cfeaf875ab5873,500.0,EOA,EOA
2021-09-24 09:20:22+00:00,0x28c6c06298d514db089934071355e5743bf21d60,0xb3c839dbde6b96d37c56ee4f9dad3390d49310aa,199.995,EOA,Contract
2021-09-24 09:20:38+00:00,0x4976a4a02f38326660d17bf34b431dc6e2eb2327,0x95a0b44b16231852fa54ece6e55acb8ef2885854,139.995,EOA,Contract
2021-09-24 09:20:45+00:00,0xe16177347bc6eb8d66c1a16b0160978f5f1397b3,0xfa52274dd61e1643d2205169732f29114bc240b3,71.92682693672221,EOA,Contract
2021-09-24 09:20:45+00:00,0xb75406fba146ae30811a105c91c46ce1395cb911,0xfa52274dd61e1643d2205169732f29114bc240b3,32.18269228589166,EOA,Contract
2021-09-24 09:20:45+00:00,0x56eddb7aa87536c09ccc2793473599fd21a8b17f,0xfa103c21ea2df71dfb92b0652f8b1d795e51cdef,1308.3218,EOA,Contract
2021-09-24 09:20:45+00:00,0xd07b14873caeb70582d6e0686d46bb8cfe0ffa70,0xc9610be2843f1618edfedd0860dc43551c727061,163.818863725,EOA,EOA
2021-09-24 09:21:16+00:00,0x648e180e246741363639b1496762763dd25649db,0x24179cd81c9e782a4096035f7ec97fb8b783e007,100.0,EOA,Contract
2021-09-24 09:21:16+00:00,0x0577a79cfc63bbc0df38833ff4c4a3bf2095b404,0x7fb889f6dec4870a83d9926c4ce4f23cd794e62f,300.996,EOA,EOA
2021-09-24 09:21:33+00:00,0xa294cca691e4c83b1fc0c8d63d9a3eef0a196de1,0x67c8a35725bf0f5b3406718a2c982be078d4eef3,102.7036,EOA,Contract
2021-09-24 09:21:38+00:00,0xc098b2a3aa256d2140208c3de6543aaef5cd3a94,0x19bc2e984a2e3bc5453c693d2f9617be9e508f92,507.362,EOA,EOA
2021-09-24 09:21:56+00:00,0xaa759dfffb47c0c6093ffa082fe7dab91adf5fea,0x11111112542d85b3ef69ae05771c2dccff4faa26,45.0,EOA,Contract
2021-09-24 09:21:56+00:00,0xa205fd7344656c72fdc645b72faf5a3de0b3e825,0xbd30d89c6c25c3ae61d035a2285dcf508fd2a98a,270.0,EOA,EOA
2021-09-24 09:22:12+00:00,0xd24400ae8bfebb18ca49be86258a3c749cf46853,0x0000f079e68bbcc79ab9600ace786b0a4db1c83c,2020.0,EOA,EOA
2021-09-24 09:22:12+00:00,0x12ef97e205cd3de60fb1c1e073403277be080fea,0xfa52274dd61e1643d2205169732f29114bc240b3,51.312502939601494,EOA,Contract
2021-09-24 09:22:12+00:00,0x56178a0d5f301baf6cf3e1cd53d9863437345bf9,0x4ddc2d193948926d02f9b1fe9e1daa0718270ed5,188.42703907155308,EOA,Contract
2021-09-24 09:22:12+00:00,0x19bc2e984a2e3bc5453c693d2f9617be9e508f92,0xddfabcdc4d8ffc6d5beaf154f18b778f892a0740,507.360899600961,EOA,EOA
2021-09-24 09:22:12+00:00,0xeb786c6889a8f2be438529c2d6f77b5a46dea7f3,0xd9e1ce17f2641f24ae83637ab66a2cca9c378b9f,100.0,EOA,Contract
2021-09-24 09:22:12+00:00,0x25b63929698775b7d4f11a8ae0a208165463a28c,0xfa52274dd61e1643d2205169732f29114bc240b3,34.99625358065779,EOA,Contract
2021-09-24 09:22:12+00:00,0x9fc6bef0702cf47dcd2e5a42b48e19aed8732499,0xfa103c21ea2df71dfb92b0652f8b1d795e51cdef,2813.995,EOA,Contract
2021-09-24 09:22:25+00:00,0x267be1c1d684f78cb4f6a176c4911b741e4ffdc0,0xab7d340545f5f162baa6d693a460bc93df8a6798,339.9965,EOA,EOA
2021-09-24 09:22:25+00:00,0xd4ee4919fb37f2bb970c3fff54aaf1f3dda6c03f,0xc36442b4a4522e871399cd717abdd847ab11fe88,682.0,EOA,Contract
2021-09-24 09:22:33+00:00,0xf5f3436a05b5ced2490dae07b86eb5bbd02782aa,0x1db92e2eebc8e0c075a02bea49a2935bcd2dfcf4,40.17111561377091,EOA,Contract
2021-09-24 09:22:33+00:00,0x1b272cbd2ae16192bcb748797a06b28f8b8539fa,0xacc775e933500304e252ded50c57aae996d1d9b2,150.0,EOA,Contract
2021-09-24 09:22:33+00:00,0xd64ea8099c1e4e785f84952e406e5e37e1a447ed,0xe592427a0aece92de3edee1f18e0157c05861564,50.0,EOA,Contract
2021-09-24 09:22:33+00:00,0xf66852bc122fd40bfecc63cd48217e88bda12109,0xe5782724e87bcd5a1f48737ff6cfeaf875ab5873,500.0,EOA,EOA
2021-09-24 09:23:03+00:00,0x5338035c008ea8c4b850052bc8dad6a33dc2206c,0xcc9a0b7c43dc2a5f023bb9b738e45b0ef6b06e04,660.0,EOA,Contract
2021-09-24 09:23:15+00:00,0x079a892628ebf28d0ed8f00151cff225a093dc63,0x3c0acfa09d71b31c7ed1162a507f1eb1df96f737,69.37,EOA,Contract
2021-09-24 09:23:15+00:00,0x079a892628ebf28d0ed8f00151cff225a093dc63,0xd1863c7c8cb1aff64020132914e23e99dfee4c1a,52.59,EOA,Contract
2021-09-24 09:23:20+00:00,0xab7d340545f5f162baa6d693a460bc93df8a6798,0xc098b2a3aa256d2140208c3de6543aaef5cd3a94,339.99422591,EOA,EOA
2021-09-24 09:23:20+00:00,0x0000f079e68bbcc79ab9600ace786b0a4db1c83c,0x0000006daea1723962647b7e189d311d757fb793,2020.0,EOA,Contract
2021-09-24 09:23:20+00:00,0xd971aaa92648db32d5975e172ff3b7936f43892f,0xfa52274dd61e1643d2205169732f29114bc240b3,691.9966154723083,EOA,Contract
2021-09-24 09:23:50+00:00,0xb8001c3ec9aa1985f6c747e25c28324e4a361ec1,0x1619d743d7dc612e99d5d94ebd6b9695d46f0bf3,230.0,EOA,EOA
2021-09-24 09:24:01+00:00,0x55e4d16f9c3041eff17ca32850662f3e9dddbce7,0x121effb8160f7206444f5a57d13c7a4424a237a4,879.6029388850761,EOA,Contract
2021-09-24 09:24:18+00:00,0xd971aaa92648db32d5975e172ff3b7936f43892f,0xfa52274dd61e1643d2205169732f29114bc240b3,449.99632640955093,EOA,Contract
2021-09-24 09:24:18+00:00,0xa7efae728d2936e78bda97dc267687568dd593f3,0x6b06eb7aef2d2515cc2385f141154fc266057fb8,450.0,EOA,Contract
2021-09-24 09:25:01+00:00,0xb5d85cbf7cb3ee0d56b3bb207d5fc4b82f43f511,0xfa103c21ea2df71dfb92b0652f8b1d795e51cdef,1314.11000787,EOA,Contract
2021-09-24 09:25:09+00:00,0x0577a79cfc63bbc0df38833ff4c4a3bf2095b404,0xe5782724e87bcd5a1f48737ff6cfeaf875ab5873,500.0,EOA,EOA
2021-09-24 09:25:09+00:00,0xf3f5c252e8acd60671f92c7f72cf33661221ef42,0xc36442b4a4522e871399cd717abdd847ab11fe88,40.55456693513408,EOA,Contract
2021-09-24 09:25:09+00:00,0x61b3045b9ed35c6dddbcce8c4926308b27bcd7fb,0xc36442b4a4522e871399cd717abdd847ab11fe88,458.0,EOA,Contract
2021-09-24 09:25:09+00:00,0xdde1afa5b7ff79f9af2017d61b4ce1bfe1ceb44c,0x1bf68a9d1eaee7826b3593c20a0ca93293cb489a,148.0,EOA,Contract
2021-09-24 09:25:30+00:00,0x4976a4a02f38326660d17bf34b431dc6e2eb2327,0x3ad63fe9ce75874cd4f88422c44bfd17cb5f4754,299.835,EOA,EOA
2021-09-24 09:25:30+00:00,0xd9c0bfdf37fec4f0582e23b8da7ee486885ff214,0xc36442b4a4522e871399cd717abdd847ab11fe88,137.00493450133908,EOA,Contract
2021-09-24 09:25:44+00:00,0x22e6cdddcaa4c7f188c5e9c9be63f955186ffcd1,0xd9e1ce17f2641f24ae83637ab66a2cca9c378b9f,43.0086019001794,EOA,Contract
2021-09-24 09:26:16+00:00,0x9696f59e4d72e237be84ffd425dcad154bf96976,0x9882dff01ac22e5aabf6a3b57ff9aa66c5af82ab,150.2603,EOA,EOA
2021-09-24 09:26:16+00:00,0x9696f59e4d72e237be84ffd425dcad154bf96976,0x47ded4fab99c52450169089e1c5f4a1c198202c0,178.16444519,EOA,EOA
2021-09-24 09:26:41+00:00,0x961eed3b7d4b7c261ee5b023e5f857af5af1e700,0xf6e5a181fb39de8300c475b0e8c749860064efbc,93.0,EOA,Contract
2021-09-24 09:26:58+00:00,0x5bd9dee999fe2c4e6efdbab2c395b4685b0c00d0,0x1c87257f5e8609940bc751a07bb085bb7f8cdbe6,40.0,EOA,Contract
2021-09-24 09:27:00+00:00,0x53afeb120edce5d778cab7de76d34f5fcd92c7d0,0x11111112542d85b3ef69ae05771c2dccff4faa26,1000.0,EOA,Contract
2021-09-24 09:27:24+00:00,0x22e6cdddcaa4c7f188c5e9c9be63f955186ffcd1,0xd9e1ce17f2641f24ae83637ab66a2cca9c378b9f,31.23956180130164,EOA,Contract
2021-09-24 09:27:45+00:00,0x7fb889f6dec4870a83d9926c4ce4f23cd794e62f,0x11111112542d85b3ef69ae05771c2dccff4faa26,300.0,EOA,Contract
2021-09-24 09:27:47+00:00,0x21a31ee1afc51d94c2efccaa2092ad1028285549,0xf14473ccd334beb3ed882ab8151e5fb92e58f920,200.0,EOA,Contract
2021-09-24 09:27:47+00:00,0x3ad63fe9ce75874cd4f88422c44bfd17cb5f4754,0xf66852bc122fd40bfecc63cd48217e88bda12109,299.871283039,EOA,EOA
2021-09-24 09:27:47+00:00,0x7deafc28b62ff392ee813c9e80708bbda0cd805f,0xe592427a0aece92de3edee1f18e0157c05861564,50.0,EOA,Contract
2021-09-24 09:27:47+00:00,0x22e6cdddcaa4c7f188c5e9c9be63f955186ffcd1,0xd9e1ce17f2641f24ae83637ab66a2cca9c378b9f,43.5188100970747,EOA,Contract
2021-09-24 09:27:47+00:00,0x21a31ee1afc51d94c2efccaa2092ad1028285549,0x3ad63fe9ce75874cd4f88422c44bfd17cb5f4754,299.855,EOA,EOA
2021-09-24 09:27:59+00:00,0x96aea3a04627f96a038b348b4d34ac24df08820a,0xd9e1ce17f2641f24ae83637ab66a2cca9c378b9f,60.27446667820728,EOA,Contract
2021-09-24 09:27:59+00:00,0x63aea877b5d5fa234a1532f1b26a4f6d9051866e,0x11111112542d85b3ef69ae05771c2dccff4faa26,35.0,EOA,Contract
2021-09-24 09:28:04+00:00,0x5bd9dee999fe2c4e6efdbab2c395b4685b0c00d0,0x1c87257f5e8609940bc751a07bb085bb7f8cdbe6,44.620163640150004,EOA,Contract
2021-09-24 09:28:21+00:00,0xf66852bc122fd40bfecc63cd48217e88bda12109,0xfa103c21ea2df71dfb92b0652f8b1d795e51cdef,1347.24962,EOA,Contract
2021-09-24 09:28:21+00:00,0xf0714f6f6acd20c1d5c6406401437c030c8d1c7f,0xe592427a0aece92de3edee1f18e0157c05861564,107.0,EOA,Contract
2021-09-24 09:28:21+00:00,0xf66852bc122fd40bfecc63cd48217e88bda12109,0x7fb889f6dec4870a83d9926c4ce4f23cd794e62f,300.98948667,EOA,EOA
2021-09-24 09:28:21+00:00,0x28c6c06298d514db089934071355e5743bf21d60,0xd02c785e4bd4d7638b7aa41b27f1d4f752b971da,467.70031054,EOA,EOA
2021-09-24 09:29:50+00:00,0x079a892628ebf28d0ed8f00151cff225a093dc63,0x29984d1f9055cafb02dcdd53c54b727902e44975,160.02,EOA,EOA
2021-09-24 09:30:03+00:00,0xa7efae728d2936e78bda97dc267687568dd593f3,0xbc772a2f76d2f76c25ff6cb6be8276663fc1410c,173.196,EOA,EOA
2021-09-24 09:30:03+00:00,0x4976a4a02f38326660d17bf34b431dc6e2eb2327,0x3ad63fe9ce75874cd4f88422c44bfd17cb5f4754,499.855,EOA,EOA
2021-09-24 09:30:03+00:00,0xc098b2a3aa256d2140208c3de6543aaef5cd3a94,0x258ede9f27da4922efd8543d6c49a6fa98ab842f,4032.498,EOA,EOA
2021-09-24 09:30:06+00:00,0x9393b5ae23b57614d6c06671ce26ba8c6575acc4,0x03f34be1bf910116595db1b11e9d1b2ca5d59659,52.0,EOA,Contract
2021-09-24 09:30:35+00:00,0xce79e6c0524a6609e2e2a23b9c5f6d1092cf0169,0x7a250d5630b4cf539739df2c5dacb4c659f2488d,54.06572889461196,EOA,Contract
2021-09-24 09:30:35+00:00,0xeadef29259b794a8c0476a30112338b2eaf23a25,0x45b9adcd4ea482fa7e714187636611bc12a19c6e,600.4377437893272,EOA,EOA
2021-09-24 09:30:35+00:00,0xbb001024d6c3fa8063482383c7a6602da7d64cf5,0xc02aaa39b223fe8d0a0e5c4f27ead9083c756cc2,64.30075576226517,EOA,Contract
2021-09-24 09:30:35+00:00,0x56178a0d5f301baf6cf3e1cd53d9863437345bf9,0x4ddc2d193948926d02f9b1fe9e1daa0718270ed5,244.45130966204908,EOA,Contract
2021-09-24 09:30:57+00:00,0x21a31ee1afc51d94c2efccaa2092ad1028285549,0xfa103c21ea2df71dfb92b0652f8b1d795e51cdef,1315.2532,EOA,Contract
2021-09-24 09:30:57+00:00,0x3cd751e6b0078be393132286c442345e5dc49699,0xfa103c21ea2df71dfb92b0652f8b1d795e51cdef,1798.51970748,EOA,Contract
2021-09-24 09:30:57+00:00,0xf66852bc122fd40bfecc63cd48217e88bda12109,0x22f1e4fa15c3c1dda5264234117975eaaca1fdf2,199.358,EOA,EOA
2021-09-24 09:31:01+00:00,0xe5782724e87bcd5a1f48737ff6cfeaf875ab5873,0x28c6c06298d514db089934071355e5743bf21d60,3599.9072651,EOA,EOA
2021-09-24 09:31:01+00:00,0xb275483694d627242e77b95630168da4aec5da83,0x05d0903a4ecbe029b939976b1368dcbd02cb9ee0,107.16669264,EOA,Contract
2021-09-24 09:31:01+00:00,0xf0714f6f6acd20c1d5c6406401437c030c8d1c7f,0xe592427a0aece92de3edee1f18e0157c05861564,107.0,EOA,Contract
2021-09-24 09:31:01+00:00,0x73f9b272abda7a97cb1b237d85f9a7236edb6f16,0x28c6c06298d514db089934071355e5743bf21d60,232.78677467,EOA,EOA
2021-09-24 09:31:01+00:00,0x924cd9b60f4173dcdd5254ddd38c4f9cab68fe6b,0x28c6c06298d514db089934071355e5743bf21d60,399.952081777,EOA,EOA
2021-09-24 09:31:43+00:00,0x310962d9a743f1d9f153743b90b2121e040b42d8,0x28c6c06298d514db089934071355e5743bf21d60,319.989823892,EOA,EOA
2021-09-24 09:31:43+00:00,0x852af47dc1f0c8d561ba5f8de23c3b2e17deeba8,0x28c6c06298d514db089934071355e5743bf21d60,239.995837017,EOA,EOA
2021-09-24 09:31:43+00:00,0x763873417e8b7051088d933af3b9295e9a80d5e6,0xe592427a0aece92de3edee1f18e0157c05861564,650.8849291174935,EOA,Contract
2021-09-24 09:31:43+00:00,0xd553294b42bdfeb49d8f5a64e8b2d3a65fc673a9,0xae7ab96520de3a18e5e111b5eaab095312d7fe84,104.0,EOA,Contract
2021-09-24 09:31:48+00:00,0x22f1e4fa15c3c1dda5264234117975eaaca1fdf2,0x28c6c06298d514db089934071355e5743bf21d60,399.35169,EOA,EOA
2021-09-24 09:32:02+00:00,0x5a419502500d169a0483ff0df3928867003189c2,0xe592427a0aece92de3edee1f18e0157c05861564,49.402720762157394,EOA,Contract
2021-09-24 09:32:07+00:00,0xc098b2a3aa256d2140208c3de6543aaef5cd3a94,0x19bc2e984a2e3bc5453c693d2f9617be9e508f92,519.434,EOA,EOA
2021-09-24 09:33:03+00:00,0xc333e80ef2dec2805f239e3f1e810612d294f771,0x5077bad139cde8e7865a9f6d4c147c21bb13828e,480.0,EOA,EOA
2021-09-24 09:33:23+00:00,0x45b9adcd4ea482fa7e714187636611bc12a19c6e,0x722122df12d4e14e13ac3b6895a86e84145b6967,100.0,EOA,Contract
2021-09-24 09:33:23+00:00,0x53afeb120edce5d778cab7de76d34f5fcd92c7d0,0xe592427a0aece92de3edee1f18e0157c05861564,1000.0,EOA,Contract
2021-09-24 09:33:23+00:00,0xd9c0bfdf37fec4f0582e23b8da7ee486885ff214,0xc36442b4a4522e871399cd717abdd847ab11fe88,136.0602124354499,EOA,Contract
2021-09-24 09:33:38+00:00,0xdc23e01ab3b3048b4f290b28ab530c5362e3fa47,0x03f34be1bf910116595db1b11e9d1b2ca5d59659,100.0,EOA,Contract
2021-09-24 09:33:43+00:00,0x45b9adcd4ea482fa7e714187636611bc12a19c6e,0x722122df12d4e14e13ac3b6895a86e84145b6967,100.0,EOA,Contract
2021-09-24 09:33:43+00:00,0xab3b6e4d2ecb82c80f33ab919eb3850003dbdad3,0x03f34be1bf910116595db1b11e9d1b2ca5d59659,80.0,EOA,Contract
2021-09-24 09:33:43+00:00,0xfcc1195e3b6d001a1aa5d22e4b0f763c7074c5b4,0xfa52274dd61e1643d2205169732f29114bc240b3,80.7678225420774,EOA,Contract
2021-09-24 09:33:43+00:00,0x19bc2e984a2e3bc5453c693d2f9617be9e508f92,0x3cd751e6b0078be393132286c442345e5dc49699,519.4309711198039,EOA,EOA
2021-09-24 09:33:43+00:00,0xeb01dd17ddd521f5db3f5440be3b96f0c39cb2f7,0x4c23e1c38944153d69ff36f381ab1481145d8506,499.9964909,EOA,EOA
2021-09-24 09:35:23+00:00,0x4976a4a02f38326660d17bf34b431dc6e2eb2327,0xb673da22e06a6e2eced2861532bdc6bd399842f9,49.9992,EOA,Contract
2021-09-24 09:35:23+00:00,0xe53eca73fc23b395d4a6a5c652202923a7d0b240,0xfccb0f0b72c2779e51bd77dc3d74f106a8cf6e06,165.0,EOA,Contract
2021-09-24 09:35:23+00:00,0x1d22397edfc4edf622d692050635bfc1febf1404,0xc02aaa39b223fe8d0a0e5c4f27ead9083c756cc2,900.0,EOA,Contract
2021-09-24 09:35:49+00:00,0x9696f59e4d72e237be84ffd425dcad154bf96976,0xe1955ea2d14e60414ebf5d649699356d8bae98ee,4503.0538885,EOA,EOA
2021-09-24 09:35:49+00:00,0xc098b2a3aa256d2140208c3de6543aaef5cd3a94,0x8f8dc9786154d159bc7e60966a8cdbf0cb9ada33,201.939,EOA,EOA
2021-09-24 09:36:22+00:00,0x25b63929698775b7d4f11a8ae0a208165463a28c,0xfa52274dd61e1643d2205169732f29114bc240b3,34.99600427209,EOA,Contract
2021-09-24 09:36:22+00:00,0x12ef97e205cd3de60fb1c1e073403277be080fea,0xfa52274dd61e1643d2205169732f29114bc240b3,42.16110846879958,EOA,Contract
2021-09-24 09:36:38+00:00,0xef0822a2e044190b9d62fda58aab3b9acc9e4a9c,0x424ac434017de5f4e7f9586d6896922b0ba4aacc,63.33,EOA,Contract
2021-09-24 09:36:54+00:00,0x9f6596ae803358a81f2617592ec729687b3537d2,0x4c23e1c38944153d69ff36f381ab1481145d8506,999.997417,EOA,EOA
2021-09-24 09:37:54+00:00,0xdf217ab3d982ce2db8e3b4bced6e6c6f99be7444,0xe592427a0aece92de3edee1f18e0157c05861564,102.3,EOA,Contract
2021-09-24 09:37:54+00:00,0x90f2319fd8aae10d6832f31146db53f7a62d5511,0xe592427a0aece92de3edee1f18e0157c05861564,84.0,EOA,Contract
2021-09-24 09:38:11+00:00,0x8f8dc9786154d159bc7e60966a8cdbf0cb9ada33,0xa0c68c638235ee32657e8f720a23cec1bfc77c77,201.93,EOA,Contract
2021-09-24 09:39:01+00:00,0xc2a4a86d5898e42d67131385c4bf67c4f6f30010,0x15d61738f7cb6f6bcb9492276f957787f1e71e24,585.0,EOA,EOA
2021-09-24 09:39:01+00:00,0xc098b2a3aa256d2140208c3de6543aaef5cd3a94,0xcdac3504e4f3a87199a98a5214245c4e09a86bbe,500.0,EOA,EOA
2021-09-24 09:39:49+00:00,0x3f9c8a81f23f871ca7165fa19f51d9afdbd0c86b,0xef3eceaed90bfa4812103f3651b6fea66cfb94ed,4603.4,EOA,EOA
2021-09-24 09:40:01+00:00,0xb47b81705782363553ad866ddab6e2efcf9b44fb,0xf584f8728b874a6a5c7a8d4d387c9aae9172d621,2422.93454,EOA,EOA
2021-09-24 09:40:01+00:00,0x3ad63fe9ce75874cd4f88422c44bfd17cb5f4754,0xf66852bc122fd40bfecc63cd48217e88bda12109,799.724250024,EOA,EOA
2021-09-24 09:40:01+00:00,0x9ba4969cca2529eb887506882c3483f9868edde4,0x8a8ee19ae0469dcf5c21cceab0381d159e47617a,294.0,EOA,EOA
2021-09-24 09:40:07+00:00,0xe815c19abef49d1a6cee179a0d03dcd950448269,0xc02aaa39b223fe8d0a0e5c4f27ead9083c756cc2,48.881781331376516,EOA,Contract
2021-09-24 09:40:24+00:00,0x28c6c06298d514db089934071355e5743bf21d60,0x9696f59e4d72e237be84ffd425dcad154bf96976,20879.64778806,EOA,EOA
2021-09-24 09:40:24+00:00,0x4e43f60d7258a3245242658c4f9d58adac467f9a,0xf584f8728b874a6a5c7a8d4d387c9aae9172d621,369.944635467,EOA,EOA
2021-09-24 09:40:32+00:00,0x43c3382a5514d798e658f4019ba4d8e47f51ab65,0x892e9e24aea3f27f4c6e9360e312cce93cc98ebe,331.0,EOA,EOA
2021-09-24 09:41:19+00:00,0xa7efae728d2936e78bda97dc267687568dd593f3,0x587d5f512cbeac5777716be8eeb6b4cd1b2a35fc,280.995,EOA,EOA
2021-09-24 09:41:19+00:00,0x15d61738f7cb6f6bcb9492276f957787f1e71e24,0xf66852bc122fd40bfecc63cd48217e88bda12109,584.998341,EOA,EOA
2021-09-24 09:41:53+00:00,0x28c6c06298d514db089934071355e5743bf21d60,0xf6c330184eeb3444da09da004538d02fe0f60f2b,299.995,EOA,Contract
2021-09-24 09:41:53+00:00,0xdfd5293d8e347dfe59e90efd55b2956a1343963d,0x6477dfa92fccb8fa29328befb275e7654ced6fe3,999.995,EOA,EOA
2021-09-24 09:42:23+00:00,0x9770d4cf0b6675943f19b621cf5163c163500d58,0xe592427a0aece92de3edee1f18e0157c05861564,41.0,EOA,Contract
2021-09-24 09:42:49+00:00,0xdfd5293d8e347dfe59e90efd55b2956a1343963d,0xd4af89f867834fe18dcbbc33af9377c7541f2a92,99.995,EOA,Contract
2021-09-24 09:43:32+00:00,0x21a31ee1afc51d94c2efccaa2092ad1028285549,0xa12baeb64d4de260ed48a3ab5de8d5cbea1acdbd,1417.7038396,EOA,EOA
2021-09-24 09:43:44+00:00,0x84b38bc60f3bd82640ecefa320dab2be62e2da15,0xfa52274dd61e1643d2205169732f29114bc240b3,449.9980318022453,EOA,Contract
2021-09-24 09:43:44+00:00,0x6f989af0dec3cf837d5419fba11a1026bc42396f,0xfa52274dd61e1643d2205169732f29114bc240b3,119.998063400115,EOA,Contract
2021-09-24 09:44:17+00:00,0x587d5f512cbeac5777716be8eeb6b4cd1b2a35fc,0x73f8fc2e74302eb2efda125a326655acf0dc2d1b,280.980266771,EOA,EOA
2021-09-24 09:44:17+00:00,0x1fa688d264bdba8a76bd1db5e3977289854bbbe4,0xfa52274dd61e1643d2205169732f29114bc240b3,54.99785103429735,EOA,Contract
2021-09-24 09:44:17+00:00,0xb75406fba146ae30811a105c91c46ce1395cb911,0xfa52274dd61e1643d2205169732f29114bc240b3,34.39110772264,EOA,Contract
2021-09-24 09:45:03+00:00,0x45b9adcd4ea482fa7e714187636611bc12a19c6e,0x722122df12d4e14e13ac3b6895a86e84145b6967,100.0,EOA,Contract
2021-09-24 09:45:22+00:00,0xa97ceca3dbb8ab825e73063924e38f4040efa031,0x636f74fc8b8f0c4bf2d873e2bb42db6bff3a5f78,750.0,EOA,EOA
2021-09-24 09:45:52+00:00,0xc333e80ef2dec2805f239e3f1e810612d294f771,0xf8d8682604118c7a4101e06b0ff5c8d0befc8652,200.0,EOA,EOA
2021-09-24 09:45:52+00:00,0x22e6cdddcaa4c7f188c5e9c9be63f955186ffcd1,0xd9e1ce17f2641f24ae83637ab66a2cca9c378b9f,51.80643161667382,EOA,Contract
2021-09-24 09:46:38+00:00,0x0d0707963952f2fba59dd06f2b425ace40b492fe,0x1ea0c8afbae8126eab39cd7885fb30492cf430d3,173.995,EOA,EOA
2021-09-24 09:46:38+00:00,0xca1caf2222eea0e046e0f653e647566d8d18df95,0xf0d9fcb4fefdbd3e7929374b4632f8ad511bd7e3,252.19791744541715,EOA,EOA
2021-09-24 09:46:47+00:00,0x22e6cdddcaa4c7f188c5e9c9be63f955186ffcd1,0xd9e1ce17f2641f24ae83637ab66a2cca9c378b9f,52.016475959528314,EOA,Contract
2021-09-24 09:46:47+00:00,0x376a6efe8e98f3ae2af230b3d45b8cc5e962bc27,0x11111112542d85b3ef69ae05771c2dccff4faa26,223.5,EOA,Contract
2021-09-24 09:47:10+00:00,0x749a45601ebe0d7053d3a97fad4470fe74dccb41,0xc36442b4a4522e871399cd717abdd847ab11fe88,67.0,EOA,Contract
2021-09-24 09:47:10+00:00,0xf66852bc122fd40bfecc63cd48217e88bda12109,0x41455ed6e2427929e6e1a8a3c6e3b8739d78a6a6,159.39548164,EOA,EOA
2021-09-24 09:47:10+00:00,0xbc772a2f76d2f76c25ff6cb6be8276663fc1410c,0xab06b2a6b4ac245268943e3c37c6d359f6f18617,328.7894850943701,EOA,EOA
2021-09-24 09:47:56+00:00,0xc098b2a3aa256d2140208c3de6543aaef5cd3a94,0x624abe309bc868a332eed8ee3a95260a0004f2f3,500.0,EOA,EOA
2021-09-24 09:47:56+00:00,0x6bdf7b73632379960c4dc25f9f6b2c92ecefde4d,0x11111112542d85b3ef69ae05771c2dccff4faa26,66.0,EOA,Contract
2021-09-24 09:47:56+00:00,0x7fb889f6dec4870a83d9926c4ce4f23cd794e62f,0x11111112542d85b3ef69ae05771c2dccff4faa26,300.0,EOA,Contract
2021-09-24 09:48:37+00:00,0xa12d1ba1c1e62e9e103d4d175fa34c390f535ad7,0xfa52274dd61e1643d2205169732f29114bc240b3,61.99644558360564,EOA,Contract
2021-09-24 09:49:26+00:00,0x21a31ee1afc51d94c2efccaa2092ad1028285549,0x7d021ab11d7edd7c629c91127cb4f62619805816,499.995,EOA,EOA
2021-09-24 09:49:31+00:00,0x2a451a86b5c05bf35958db5b57f8ac9b25c1de91,0x03f34be1bf910116595db1b11e9d1b2ca5d59659,34.0,EOA,Contract
2021-09-24 09:49:31+00:00,0x73f8fc2e74302eb2efda125a326655acf0dc2d1b,0x000e20a2eefa97815f3f5057fcd8920acf1ae0de,171.896,EOA,EOA
2021-09-24 09:49:41+00:00,0x7d021ab11d7edd7c629c91127cb4f62619805816,0xa7efae728d2936e78bda97dc267687568dd593f3,499.99865757,EOA,EOA
2021-09-24 09:49:41+00:00,0x376a6efe8e98f3ae2af230b3d45b8cc5e962bc27,0x11111112542d85b3ef69ae05771c2dccff4faa26,310.5,EOA,Contract
2021-09-24 09:49:41+00:00,0x22e6cdddcaa4c7f188c5e9c9be63f955186ffcd1,0xd9e1ce17f2641f24ae83637ab66a2cca9c378b9f,51.89998020021881,EOA,Contract
2021-09-24 09:49:41+00:00,0x56eddb7aa87536c09ccc2793473599fd21a8b17f,0x6519ddf6ed333ecba42248c13713eaa2e8a040a0,36.89233865,EOA,Contract
2021-09-24 09:50:35+00:00,0x6477dfa92fccb8fa29328befb275e7654ced6fe3,0xf5f3436a05b5ced2490dae07b86eb5bbd02782aa,999.965,EOA,EOA
2021-09-24 09:50:35+00:00,0x000e20a2eefa97815f3f5057fcd8920acf1ae0de,0xefb2e870b14d7e555a31b392541acf002dae6ae9,308.848628,EOA,EOA
2021-09-24 09:51:04+00:00,0x47ded4fab99c52450169089e1c5f4a1c198202c0,0xefb2e870b14d7e555a31b392541acf002dae6ae9,178.08634712,EOA,EOA
2021-09-24 09:51:26+00:00,0xfb81d7062ab57134eb6bc81ea2359e8069c3ebd0,0xa8b39829ce2246f89b31c013b8cde15506fb9a76,60.019800048451216,EOA,Contract
2021-09-24 09:51:26+00:00,0x12ef97e205cd3de60fb1c1e073403277be080fea,0xfa52274dd61e1643d2205169732f29114bc240b3,39.84128250333,EOA,Contract
2021-09-24 09:52:39+00:00,0xf5bce02e24313618ed2e8318dee2b86bf53cd53c,0xcc9a0b7c43dc2a5f023bb9b738e45b0ef6b06e04,96.25,EOA,Contract
2021-09-24 09:53:38+00:00,0x3b15cec2d922ab0ef74688bcc1056461049f89cb,0xf8317bd5f48b6fe608a52b48c856d3367540b73b,120.0,EOA,Contract
2021-09-24 09:53:38+00:00,0xe84eabf195ed3544641b316d45af4781881c72bd,0xc02aaa39b223fe8d0a0e5c4f27ead9083c756cc2,150.0,EOA,Contract
2021-09-24 09:53:38+00:00,0x6f0b67ede8f338edf7ca24ea0be1e52d075cdd8c,0xdef1c0ded9bec7f1a1670819833240f027b25eff,50.83,EOA,Contract
2021-09-24 09:54:22+00:00,0x53afeb120edce5d778cab7de76d34f5fcd92c7d0,0xe592427a0aece92de3edee1f18e0157c05861564,1000.0,EOA,Contract
2021-09-24 09:55:34+00:00,0xdfd5293d8e347dfe59e90efd55b2956a1343963d,0xbb8be8665b77e53b0b5a02a2e219f4bb9efe1207,249.995,EOA,Contract
2021-09-24 09:55:42+00:00,0x97a50bb3339b992e406db379885b41bc817314b7,0xe592427a0aece92de3edee1f18e0157c05861564,402.0,EOA,Contract
2021-09-24 09:55:53+00:00,0x07a75ba044cdaaa624aabad27cb95c42510af4b5,0xe592427a0aece92de3edee1f18e0157c05861564,300.0,EOA,Contract
2021-09-24 09:55:53+00:00,0x53afeb120edce5d778cab7de76d34f5fcd92c7d0,0xe592427a0aece92de3edee1f18e0157c05861564,1000.0,EOA,Contract
2021-09-24 09:56:01+00:00,0x56178a0d5f301baf6cf3e1cd53d9863437345bf9,0xc02aaa39b223fe8d0a0e5c4f27ead9083c756cc2,251.12737170491604,EOA,Contract
2021-09-24 09:57:46+00:00,0xb3e489cc914706fd9c4a790a6bc205f0fad27bf6,0xe592427a0aece92de3edee1f18e0157c05861564,200.0,EOA,Contract
2021-09-24 09:58:09+00:00,0x738175db2c999581f29163e6d4d3516ad4af8834,0xe592427a0aece92de3edee1f18e0157c05861564,34.99387197420868,EOA,Contract
2021-09-24 09:59:31+00:00,0xf5f3436a05b5ced2490dae07b86eb5bbd02782aa,0x1db92e2eebc8e0c075a02bea49a2935bcd2dfcf4,1011.5368605755195,EOA,Contract
2021-09-24 09:59:31+00:00,0xa7efae728d2936e78bda97dc267687568dd593f3,0x879a04ff1814f8ead14a10ac4c391934b372ad24,500.0,EOA,EOA
2021-09-24 09:59:59+00:00,0xddfabcdc4d8ffc6d5beaf154f18b778f892a0740,0x163429b64290a499aefcb59f4f03b60de13888d5,850.0,EOA,Contract
2021-09-24 10:00:17+00:00,0x29984d1f9055cafb02dcdd53c54b727902e44975,0x28c6c06298d514db089934071355e5743bf21d60,159.917063,EOA,EOA
2021-09-24 10:00:17+00:00,0x624abe309bc868a332eed8ee3a95260a0004f2f3,0xefb2e870b14d7e555a31b392541acf002dae6ae9,499.997123,EOA,EOA
2021-09-24 10:01:05+00:00,0x07a75ba044cdaaa624aabad27cb95c42510af4b5,0xe592427a0aece92de3edee1f18e0157c05861564,200.0,EOA,Contract
2021-09-24 10:01:14+00:00,0xb5d85cbf7cb3ee0d56b3bb207d5fc4b82f43f511,0x43b54137a536cbffd1ff0385d9cb5ff0af701bf0,350.0,EOA,EOA
2021-09-24 10:02:01+00:00,0x43b54137a536cbffd1ff0385d9cb5ff0af701bf0,0xfa52274dd61e1643d2205169732f29114bc240b3,349.99652362771076,EOA,Contract
2021-09-24 10:02:11+00:00,0xc5dc795e62904a61fd5078216e43407244cc3642,0xd9e1ce17f2641f24ae83637ab66a2cca9c378b9f,100.0,EOA,Contract
2021-09-24 10:02:11+00:00,0x9696f59e4d72e237be84ffd425dcad154bf96976,0x95a0b44b16231852fa54ece6e55acb8ef2885854,141.995,EOA,Contract
2021-09-24 10:02:11+00:00,0xb216fdf8afa611d68a10f9b2e026e821f7654943,0xdce4256f94067ec3c5c5c0fa5dea25d0ff1e5a40,222.9928,EOA,EOA
2021-09-24 10:02:11+00:00,0x5077bad139cde8e7865a9f6d4c147c21bb13828e,0x28c6c06298d514db089934071355e5743bf21d60,479.998488,EOA,EOA
2021-09-24 10:02:11+00:00,0x892e9e24aea3f27f4c6e9360e312cce93cc98ebe,0x28c6c06298d514db089934071355e5743bf21d60,330.998824,EOA,EOA
2021-09-24 10:02:11+00:00,0x4c23e1c38944153d69ff36f381ab1481145d8506,0x28c6c06298d514db089934071355e5743bf21d60,1500.003061399,EOA,EOA
2021-09-24 10:03:16+00:00,0xa7efae728d2936e78bda97dc267687568dd593f3,0xef813dd7e2ab57c63a4bbecaf7cb3600aa7e7e75,41.99,EOA,Contract
2021-09-24 10:03:16+00:00,0x376a6efe8e98f3ae2af230b3d45b8cc5e962bc27,0xcc9a0b7c43dc2a5f023bb9b738e45b0ef6b06e04,310.0,EOA,Contract
2021-09-24 10:03:16+00:00,0xd9c0bfdf37fec4f0582e23b8da7ee486885ff214,0xc36442b4a4522e871399cd717abdd847ab11fe88,136.01372842182317,EOA,Contract
2021-09-24 10:03:55+00:00,0x56178a0d5f301baf6cf3e1cd53d9863437345bf9,0x4ddc2d193948926d02f9b1fe9e1daa0718270ed5,265.4082229744165,EOA,Contract
2021-09-24 10:03:55+00:00,0xf66852bc122fd40bfecc63cd48217e88bda12109,0x61b3045b9ed35c6dddbcce8c4926308b27bcd7fb,152.15880565,EOA,EOA
2021-09-24 10:03:55+00:00,0xcdac3504e4f3a87199a98a5214245c4e09a86bbe,0x6254b927ecc25ddd233aaecd5296d746b1c006b4,499.99533281975084,EOA,EOA
2021-09-24 10:04:59+00:00,0x2a420a953834d7827f92f50fe76807b03cd82da5,0x876eabf441b2ee5b5b0554fd502a8e0600950cfa,242.99533452,EOA,EOA
2021-09-24 10:04:59+00:00,0x28c6c06298d514db089934071355e5743bf21d60,0x3926963f34a0d86517f5eb3a269fc9c4f51864cc,242.995,EOA,EOA
2021-09-24 10:05:50+00:00,0xb75406fba146ae30811a105c91c46ce1395cb911,0xfa52274dd61e1643d2205169732f29114bc240b3,34.598230026075,EOA,Contract
2021-09-24 10:05:50+00:00,0xa0dc5bcefddce5c369fa5707ab445ec0906e76ce,0xcc9a0b7c43dc2a5f023bb9b738e45b0ef6b06e04,100.0,EOA,Contract
2021-09-24 10:05:50+00:00,0xdce4256f94067ec3c5c5c0fa5dea25d0ff1e5a40,0xfa52274dd61e1643d2205169732f29114bc240b3,222.98898557995912,EOA,Contract
2021-09-24 10:06:17+00:00,0x3926963f34a0d86517f5eb3a269fc9c4f51864cc,0xc098b2a3aa256d2140208c3de6543aaef5cd3a94,242.992238605,EOA,EOA
2021-09-24 10:06:17+00:00,0x4976a4a02f38326660d17bf34b431dc6e2eb2327,0xd677878938106d0b8b42a1d4a8d2d8019924971e,129.995,EOA,Contract
2021-09-24 10:06:59+00:00,0xf66852bc122fd40bfecc63cd48217e88bda12109,0x7fb889f6dec4870a83d9926c4ce4f23cd794e62f,300.996,EOA,EOA
2021-09-24 10:07:09+00:00,0xc5dc795e62904a61fd5078216e43407244cc3642,0xd9e1ce17f2641f24ae83637ab66a2cca9c378b9f,270.0,EOA,Contract
2021-09-24 10:07:09+00:00,0xc2a59d94b69f7739f77892677ec875f3629a3f94,0xe592427a0aece92de3edee1f18e0157c05861564,150.0,EOA,Contract
2021-09-24 10:08:16+00:00,0x0d0707963952f2fba59dd06f2b425ace40b492fe,0xa93ef39a6b51a81a9b60bc65a2565e425c2a1a6a,317.9925,EOA,EOA
2021-09-24 10:08:19+00:00,0x0056bcfe33f5c6dfa62b6d3d3cf5a957429828bb,0x1509ccc943fb1066bb5c9685ff27fca82aa817e0,165.0,EOA,EOA
2021-09-24 10:08:30+00:00,0x181c5bd7afd4e10106a291a95aab8329329e99c1,0xa0dc5bcefddce5c369fa5707ab445ec0906e76ce,200.0,EOA,EOA
2021-09-24 10:08:51+00:00,0xa19542d227d46318099e4591660d830821cea6fe,0xd9e1ce17f2641f24ae83637ab66a2cca9c378b9f,100.0,EOA,Contract
2021-09-24 10:08:51+00:00,0xa19542d227d46318099e4591660d830821cea6fe,0xd9e1ce17f2641f24ae83637ab66a2cca9c378b9f,200.0,EOA,Contract
2021-09-24 10:08:58+00:00,0xf3f5c252e8acd60671f92c7f72cf33661221ef42,0x11111112542d85b3ef69ae05771c2dccff4faa26,97.0,EOA,Contract
2021-09-24 10:09:07+00:00,0xa93ef39a6b51a81a9b60bc65a2565e425c2a1a6a,0x876eabf441b2ee5b5b0554fd502a8e0600950cfa,317.95123864,EOA,EOA
2021-09-24 10:09:30+00:00,0x4aa5cb078d70ffa36d7c5b6ef56706cec348de53,0x41318419cfa25396b47a94896ffa2c77c6434040,17006.0,EOA,EOA
2021-09-24 10:09:40+00:00,0xd4ee4919fb37f2bb970c3fff54aaf1f3dda6c03f,0xc36442b4a4522e871399cd717abdd847ab11fe88,800.0,EOA,Contract
2021-09-24 10:09:53+00:00,0x41318419cfa25396b47a94896ffa2c77c6434040,0x0525eb58f9d226adb659777791ddd994def56e1c,8594.32,EOA,EOA
2021-09-24 10:10:37+00:00,0xa55cf907144ef128dff22608a92cc3cefa9220fb,0xd9e1ce17f2641f24ae83637ab66a2cca9c378b9f,32.46347246671798,EOA,Contract
2021-09-24 10:10:37+00:00,0xa0dc5bcefddce5c369fa5707ab445ec0906e76ce,0xcc9a0b7c43dc2a5f023bb9b738e45b0ef6b06e04,200.0,EOA,Contract
2021-09-24 10:10:43+00:00,0xa12431d0b9db640034b0cdfceef9cce161e62be4,0x59a5208b32e627891c389ebafc644145224006e8,160.0,EOA,EOA
2021-09-24 10:10:50+00:00,0x0b7a434782792b539623fd72a428838ea4173b22,0xf42a5141028f4074f61e81570ffb11f7ad95a8c6,513.5638712632251,EOA,EOA
2021-09-24 10:11:42+00:00,0xa9911182421b6bad13d188914d602f7924de840e,0x00ca04caa39eb913749c94ead54f503e84eac988,190.0,EOA,EOA
2021-09-24 10:12:29+00:00,0x28c6c06298d514db089934071355e5743bf21d60,0x000e20a2eefa97815f3f5057fcd8920acf1ae0de,152.395,EOA,EOA
2021-09-24 10:12:51+00:00,0xf3f5c252e8acd60671f92c7f72cf33661221ef42,0xc36442b4a4522e871399cd717abdd847ab11fe88,129.16082530635376,EOA,Contract
2021-09-24 10:14:11+00:00,0xa7efae728d2936e78bda97dc267687568dd593f3,0x93e18da0fc9c32b18b659780f25eed08bf5a586c,300.0,EOA,EOA
2021-09-24 10:14:44+00:00,0x5338035c008ea8c4b850052bc8dad6a33dc2206c,0xcc9a0b7c43dc2a5f023bb9b738e45b0ef6b06e04,267.0,EOA,Contract
2021-09-24 10:14:44+00:00,0xa7efae728d2936e78bda97dc267687568dd593f3,0x0899e2cf3f9f20a08296f41a1c3f891e6c84e6cb,300.0,EOA,EOA
2021-09-24 10:14:44+00:00,0xc333e80ef2dec2805f239e3f1e810612d294f771,0xe4c00cfd4aa493ad890ef83ad9d643a788b17bd9,265.6375,EOA,Contract
2021-09-24 10:15:29+00:00,0x01974549c9b9a30d47c548a16b120b1caa7b586c,0x0e5477a485d981ed268997efbd0e6e0f547793f5,165.0,EOA,EOA
2021-09-24 10:15:52+00:00,0x0899e2cf3f9f20a08296f41a1c3f891e6c84e6cb,0xddfabcdc4d8ffc6d5beaf154f18b778f892a0740,299.99843751894383,EOA,EOA
2021-09-24 10:15:52+00:00,0x41318419cfa25396b47a94896ffa2c77c6434040,0xef22c14f46858d5ac61326497b056974167f2ee1,20000.0,EOA,EOA
2021-09-24 10:16:41+00:00,0x0e5477a485d981ed268997efbd0e6e0f547793f5,0xc098b2a3aa256d2140208c3de6543aaef5cd3a94,164.99744745,EOA,EOA
2021-09-24 10:16:47+00:00,0xa7efae728d2936e78bda97dc267687568dd593f3,0x12b495061e64705711ad52353cc60ab01f3b6a51,700.0,EOA,EOA
2021-09-24 10:17:52+00:00,0x794d28ac31bcb136294761a556b68d2634094153,0x1509ccc943fb1066bb5c9685ff27fca82aa817e0,155.02956005,EOA,EOA
2021-09-24 10:17:55+00:00,0x93e18da0fc9c32b18b659780f25eed08bf5a586c,0x73f8fc2e74302eb2efda125a326655acf0dc2d1b,299.998488,EOA,EOA
2021-09-24 10:17:55+00:00,0xb46b22dc3387756a448552379a37a682db3d0b2e,0x2a4b9acdb225675a3703bf770d794c6bde4017eb,88.0,EOA,Contract
2021-09-24 10:18:20+00:00,0x1ea0c8afbae8126eab39cd7885fb30492cf430d3,0x58c2cb4a6bee98c309215d0d2a38d7f8aa71211c,174.111410399,EOA,EOA
2021-09-24 10:18:32+00:00,0xb76edb86c89f241ae87ce7fe9e48e10588ca1d0d,0xa2569370a9d4841c9a62fc51269110f2eb7e0171,100.0,EOA,Contract
2021-09-24 10:18:36+00:00,0xa7efae728d2936e78bda97dc267687568dd593f3,0xe6588313898404cc2a6861e1fa69db0f6a7c9a05,163.31103,EOA,EOA
2021-09-24 10:18:36+00:00,0x00ca04caa39eb913749c94ead54f503e84eac988,0x34263495ea4516a6b67623eaa1095f7a0e0c0957,190.0,EOA,Contract
2021-09-24 10:18:48+00:00,0x0ca8fc48df9fd7317541f7dac9913e4563ab477d,0xe592427a0aece92de3edee1f18e0157c05861564,39.12219432532534,EOA,Contract
2021-09-24 10:18:53+00:00,0xeaeb67a912e00573c473a54e8db14bd977579587,0xbee9cf658702527b0acb2719c1faa29edc006a92,148.8073007600933,EOA,Contract
2021-09-24 10:19:12+00:00,0xc098b2a3aa256d2140208c3de6543aaef5cd3a94,0x4b581deda2f2c0650c3dfc506c86a8c140d9f699,242.9594751,EOA,EOA
2021-09-24 10:19:18+00:00,0x45b9adcd4ea482fa7e714187636611bc12a19c6e,0x722122df12d4e14e13ac3b6895a86e84145b6967,100.0,EOA,Contract
2021-09-24 10:19:18+00:00,0x45b9adcd4ea482fa7e714187636611bc12a19c6e,0x722122df12d4e14e13ac3b6895a86e84145b6967,100.0,EOA,Contract
2021-09-24 10:19:45+00:00,0xa7efae728d2936e78bda97dc267687568dd593f3,0x33ec37feeabd79eef9f37a596cc7a3329fcdc83f,353.588,EOA,EOA
2021-09-24 10:20:01+00:00,0xef22c14f46858d5ac61326497b056974167f2ee1,0x8aceab8167c80cb8b3de7fa6228b889bb1130ee8,20000.0,EOA,EOA
2021-09-24 10:20:34+00:00,0x4976a4a02f38326660d17bf34b431dc6e2eb2327,0x9cd9f38caf08999e660af70d11bb9ce08f16bc42,222.188584,EOA,EOA
2021-09-24 10:21:29+00:00,0x21a31ee1afc51d94c2efccaa2092ad1028285549,0x1029dc145a9f75791fa43d1b92a7628ccea584ee,137.06430825,EOA,Contract
2021-09-24 10:21:59+00:00,0xc333e80ef2dec2805f239e3f1e810612d294f771,0x8a46b5dd6e1aa09619245ff386cff5a624cddddb,550.1,EOA,Contract
2021-09-24 10:22:00+00:00,0xf584f8728b874a6a5c7a8d4d387c9aae9172d621,0xe62240a57f0efbf549e278e8058f632af3ea5206,2750.0,EOA,EOA
2021-09-24 10:22:06+00:00,0xb76edb86c89f241ae87ce7fe9e48e10588ca1d0d,0xa2569370a9d4841c9a62fc51269110f2eb7e0171,90.0,EOA,Contract
2021-09-24 10:22:06+00:00,0xa96004c818afd27d4f616355f83d77b348d02696,0x48f16289e0f059af375d493e8342b6058c2cdb9c,200.0,EOA,Contract
2021-09-24 10:22:50+00:00,0xc098b2a3aa256d2140208c3de6543aaef5cd3a94,0xca3ac4f946b997db24515a7ae7779f2e587d5a26,1395.0,EOA,EOA
2021-09-24 10:22:50+00:00,0xf66852bc122fd40bfecc63cd48217e88bda12109,0x7bd008b420f59dc74756a0e99efa3bd64ce6be90,399.196,EOA,EOA
2021-09-24 10:23:30+00:00,0x8aceab8167c80cb8b3de7fa6228b889bb1130ee8,0x4ddc2d193948926d02f9b1fe9e1daa0718270ed5,10000.0,EOA,Contract
2021-09-24 10:23:56+00:00,0x8aceab8167c80cb8b3de7fa6228b889bb1130ee8,0xcc9a0b7c43dc2a5f023bb9b738e45b0ef6b06e04,10000.0,EOA,Contract
2021-09-24 10:23:56+00:00,0xb5d85cbf7cb3ee0d56b3bb207d5fc4b82f43f511,0xf79a1844e66e4f89d755bc99941078dff4e99218,406.2013236236377,EOA,EOA
2021-09-24 10:23:56+00:00,0x4bb8fb0eee613a08c01263002c94994000abf5b6,0x03f34be1bf910116595db1b11e9d1b2ca5d59659,87.242,EOA,Contract
2021-09-24 10:24:45+00:00,0x0577a79cfc63bbc0df38833ff4c4a3bf2095b404,0x94c731f76b87fa5ea934230ef0f0dd984ba45453,200.0,EOA,EOA
2021-09-24 10:25:11+00:00,0xca3ac4f946b997db24515a7ae7779f2e587d5a26,0x3cd751e6b0078be393132286c442345e5dc49699,1394.9985294510025,EOA,EOA
2021-09-24 10:25:11+00:00,0xe62240a57f0efbf549e278e8058f632af3ea5206,0x3cd751e6b0078be393132286c442345e5dc49699,2749.998474925462,EOA,EOA
2021-09-24 10:25:23+00:00,0x5f56e5ade609d0869351bd43b768568bc690c6f9,0xe21cba567c8f632412ac52687559cae676e309f8,50.0,EOA,Contract
2021-09-24 10:25:55+00:00,0x9696f59e4d72e237be84ffd425dcad154bf96976,0x6594c9a52ecceb4189ac859210b3d1073813c3e4,299.815,EOA,EOA
2021-09-24 10:27:04+00:00,0xbdd6fbdf54c5c9b6c3e127cddfeecbd70d9d09aa,0x11111112542d85b3ef69ae05771c2dccff4faa26,179.0,EOA,Contract
2021-09-24 10:27:22+00:00,0x794d28ac31bcb136294761a556b68d2634094153,0x2609de9377db593088af94435a49d745a7f310eb,150.826,EOA,EOA
2021-09-24 10:27:32+00:00,0x9cd9f38caf08999e660af70d11bb9ce08f16bc42,0xcc9a0b7c43dc2a5f023bb9b738e45b0ef6b06e04,221.8873637616585,EOA,Contract
2021-09-24 10:27:32+00:00,0x0577a79cfc63bbc0df38833ff4c4a3bf2095b404,0x310962d9a743f1d9f153743b90b2121e040b42d8,179.996,EOA,EOA
2021-09-24 10:27:53+00:00,0xdfd5293d8e347dfe59e90efd55b2956a1343963d,0xcdfe385262cdbe95de0e34ae37b6d07981043e51,274.72,EOA,EOA
2021-09-24 10:29:00+00:00,0xc803698a4be31f0b9035b6eba17623698f3e2f82,0x7a250d5630b4cf539739df2c5dacb4c659f2488d,100.0,EOA,Contract
2021-09-24 10:29:12+00:00,0x2609de9377db593088af94435a49d745a7f310eb,0x876eabf441b2ee5b5b0554fd502a8e0600950cfa,150.7953986,EOA,EOA
2021-09-24 10:29:38+00:00,0x62bd735ffbd49a02883ac6375aa65c3d4ed146ca,0xfa52274dd61e1643d2205169732f29114bc240b3,177.5643508933925,EOA,Contract
2021-09-24 10:29:38+00:00,0xa042cc0a6de310d4dbceae56c31767cb371735f8,0xe592427a0aece92de3edee1f18e0157c05861564,40.0,EOA,Contract
2021-09-24 10:29:53+00:00,0xc333e80ef2dec2805f239e3f1e810612d294f771,0x5e11fd8e4aee03f67149cb24ea91a26657772439,290.2,EOA,Contract
2021-09-24 10:30:44+00:00,0xe815c19abef49d1a6cee179a0d03dcd950448269,0xc02aaa39b223fe8d0a0e5c4f27ead9083c756cc2,36.39315959260906,EOA,Contract
2021-09-24 10:31:27+00:00,0x56178a0d5f301baf6cf3e1cd53d9863437345bf9,0xc02aaa39b223fe8d0a0e5c4f27ead9083c756cc2,442.62526511867026,EOA,Contract
2021-09-24 10:31:37+00:00,0x94c731f76b87fa5ea934230ef0f0dd984ba45453,0x28c6c06298d514db089934071355e5743bf21d60,199.997522,EOA,EOA
2021-09-24 10:31:37+00:00,0x8fd00f170fdf3772c5ebdcd90bf257316c69ba45,0xb421606cbee366e04877db8b6dbccb4b4d378dfc,200.0,EOA,EOA
2021-09-24 10:31:37+00:00,0x356ef336266bf04eb5be45542055a7e64a3506ba,0x28c6c06298d514db089934071355e5743bf21d60,197.014897,EOA,EOA
2021-09-24 10:31:41+00:00,0x852af47dc1f0c8d561ba5f8de23c3b2e17deeba8,0x28c6c06298d514db089934071355e5743bf21d60,239.994008112,EOA,EOA
2021-09-24 10:31:42+00:00,0x310962d9a743f1d9f153743b90b2121e040b42d8,0x28c6c06298d514db089934071355e5743bf21d60,179.989020048,EOA,EOA
2021-09-24 10:32:31+00:00,0xa042cc0a6de310d4dbceae56c31767cb371735f8,0xe592427a0aece92de3edee1f18e0157c05861564,33.0,EOA,Contract
2021-09-24 10:34:40+00:00,0xb941f9b7566e7108332a9ec187d222a1cc05e422,0x11111112542d85b3ef69ae05771c2dccff4faa26,345.9,EOA,Contract
2021-09-24 10:34:40+00:00,0x596f33f71b5e2e9b4dca1403341d417f02daa7eb,0xf8182be8974951472134ed1bf20aeee17e6213eb,155.0,EOA,EOA
2021-09-24 10:34:40+00:00,0xb421606cbee366e04877db8b6dbccb4b4d378dfc,0x58c2cb4a6bee98c309215d0d2a38d7f8aa71211c,199.998698,EOA,EOA
2021-09-24 10:34:40+00:00,0xa042cc0a6de310d4dbceae56c31767cb371735f8,0xe592427a0aece92de3edee1f18e0157c05861564,46.0,EOA,Contract
2021-09-24 10:34:40+00:00,0xa7efae728d2936e78bda97dc267687568dd593f3,0x697935abc70af8ebdb52c5c2b77f023f055a01ef,299.996,EOA,EOA
2021-09-24 10:35:27+00:00,0x376a6efe8e98f3ae2af230b3d45b8cc5e962bc27,0x11111112542d85b3ef69ae05771c2dccff4faa26,215.0,EOA,Contract
2021-09-24 10:35:27+00:00,0xc803698a4be31f0b9035b6eba17623698f3e2f82,0x7a250d5630b4cf539739df2c5dacb4c659f2488d,100.0,EOA,Contract
2021-09-24 10:36:46+00:00,0xa542e3cdd21841ccbcca70017101eb6a2fc68723,0xc36442b4a4522e871399cd717abdd847ab11fe88,30.999999905785643,EOA,Contract
2021-09-24 10:36:46+00:00,0xbd947d7505c17867a7c02a0cc6e534933853216a,0x7a250d5630b4cf539739df2c5dacb4c659f2488d,34.0,EOA,Contract
2021-09-24 10:37:08+00:00,0xf3f5c252e8acd60671f92c7f72cf33661221ef42,0xc36442b4a4522e871399cd717abdd847ab11fe88,61.54981904736555,EOA,Contract
2021-09-24 10:37:26+00:00,0x0577a79cfc63bbc0df38833ff4c4a3bf2095b404,0x3d60b9432f09ee496ed6d17f9da6d028e1e83bd6,213.96247424,EOA,EOA
2021-09-24 10:37:36+00:00,0xc803698a4be31f0b9035b6eba17623698f3e2f82,0x7a250d5630b4cf539739df2c5dacb4c659f2488d,100.0,EOA,Contract
2021-09-24 10:37:57+00:00,0x73f8fc2e74302eb2efda125a326655acf0dc2d1b,0x2609de9377db593088af94435a49d745a7f310eb,299.996,EOA,EOA
2021-09-24 10:37:57+00:00,0x0577a79cfc63bbc0df38833ff4c4a3bf2095b404,0x2609de9377db593088af94435a49d745a7f310eb,236.306,EOA,EOA
2021-09-24 10:38:05+00:00,0xb98cdacd006b9d47c37ca63cc86f916ee23fc550,0xc46b9f5baff1345f39bedcc4aa65dc62ed1c4505,300.0,EOA,EOA
2021-09-24 10:38:33+00:00,0x9245175fdb2ac373ddf94f4bf50a68f4f5836998,0xec0d3f28d37a3393cf09ee3ad446c485b6afdaa3,32.0,EOA,Contract
2021-09-24 10:38:33+00:00,0xa042cc0a6de310d4dbceae56c31767cb371735f8,0xe592427a0aece92de3edee1f18e0157c05861564,67.0,EOA,Contract
2021-09-24 10:38:33+00:00,0x58c2cb4a6bee98c309215d0d2a38d7f8aa71211c,0x22f1e4fa15c3c1dda5264234117975eaaca1fdf2,185.554,EOA,EOA
2021-09-24 10:39:06+00:00,0x8fd00f170fdf3772c5ebdcd90bf257316c69ba45,0xb421606cbee366e04877db8b6dbccb4b4d378dfc,200.0,EOA,EOA
2021-09-24 10:39:23+00:00,0xef6d69922bc2d038cb508086846524f8011c4a74,0xf21878b06505f5f0a92dea267c4d6a08f4910c2c,175.0,EOA,EOA
2021-09-24 10:39:23+00:00,0xc803698a4be31f0b9035b6eba17623698f3e2f82,0x7a250d5630b4cf539739df2c5dacb4c659f2488d,100.0,EOA,Contract
2021-09-24 10:39:23+00:00,0xbd947d7505c17867a7c02a0cc6e534933853216a,0x7a250d5630b4cf539739df2c5dacb4c659f2488d,34.0,EOA,Contract
2021-09-24 10:39:46+00:00,0x2609de9377db593088af94435a49d745a7f310eb,0x876eabf441b2ee5b5b0554fd502a8e0600950cfa,536.30047325,EOA,EOA
2021-09-24 10:40:16+00:00,0x8a7f7c5b556b1298a74c0e89df46eba117a2f6c1,0x92be6adb6a12da0ca607f9d87db2f9978cd6ec3e,300.0,EOA,Contract
2021-09-24 10:40:55+00:00,0xa042cc0a6de310d4dbceae56c31767cb371735f8,0xe592427a0aece92de3edee1f18e0157c05861564,95.0,EOA,Contract
2021-09-24 10:40:55+00:00,0x2609de9377db593088af94435a49d745a7f310eb,0x876eabf441b2ee5b5b0554fd502a8e0600950cfa,299.99461146,EOA,EOA
2021-09-24 10:40:55+00:00,0x29f5ed0c829001d7f05e2732179530783e0bc0db,0xc36442b4a4522e871399cd717abdd847ab11fe88,135.4894347873679,EOA,Contract
2021-09-24 10:41:12+00:00,0x775842eeede73f443b06744f8cc98ac4011ef62a,0x57ed22fbe00d4fc2828a51a5db95e7bcd297d345,200.0,EOA,EOA
2021-09-24 10:41:13+00:00,0xdfd5293d8e347dfe59e90efd55b2956a1343963d,0x44790a1a9d165a642c23901c06d7f5e9f13934ce,171.69374374,EOA,EOA
2021-09-24 10:41:47+00:00,0x98f725df576a7020ce763d811e068dcc088de4e7,0x881d40237659c251811cec9c364ef91dc08d300c,47.9,EOA,Contract
2021-09-24 10:41:54+00:00,0x697935abc70af8ebdb52c5c2b77f023f055a01ef,0xc9f5296eb3ac266c94568d790b6e91eba7d76a11,299.994703936,EOA,EOA
2021-09-24 10:41:54+00:00,0xb421606cbee366e04877db8b6dbccb4b4d378dfc,0x58c2cb4a6bee98c309215d0d2a38d7f8aa71211c,199.998719,EOA,EOA
2021-09-24 10:42:40+00:00,0xa95f2ce82294ee8596abc7411f25d89d840265f4,0x1671a3e4a2519a653e66e827ef6eae690ee86729,282.40934556,EOA,EOA
2021-09-24 10:42:55+00:00,0xbb431c391ce885cfc03faa32c16774bc37abb050,0x11111112542d85b3ef69ae05771c2dccff4faa26,69.90715339580862,EOA,Contract
2021-09-24 10:43:15+00:00,0x376a6efe8e98f3ae2af230b3d45b8cc5e962bc27,0x11111112542d85b3ef69ae05771c2dccff4faa26,307.0,EOA,Contract
2021-09-24 10:44:39+00:00,0x9245175fdb2ac373ddf94f4bf50a68f4f5836998,0xec0d3f28d37a3393cf09ee3ad446c485b6afdaa3,46.0,EOA,Contract
2021-09-24 10:44:39+00:00,0xa042cc0a6de310d4dbceae56c31767cb371735f8,0xe592427a0aece92de3edee1f18e0157c05861564,112.45546576228656,EOA,Contract
2021-09-24 10:44:58+00:00,0x167a9333bf582556f35bd4d16a7e80e191aa6476,0xe3063366671017e9d479e3c0b3a75d98246ef91b,200.0,EOA,EOA
2021-09-24 10:45:15+00:00,0x7941f525082fddc6dc0bbd6db92e28778398daff,0xe592427a0aece92de3edee1f18e0157c05861564,69.0,EOA,Contract
2021-09-24 10:45:15+00:00,0xe0b2026e3db1606ef0beb764ccdf7b3cee30db4a,0x4ddc2d193948926d02f9b1fe9e1daa0718270ed5,163.0,EOA,Contract
2021-09-24 10:47:12+00:00,0x8683bb5917559ea3f07e4ab397e955acb892642a,0x11111112542d85b3ef69ae05771c2dccff4faa26,73.0,EOA,Contract
2021-09-24 10:48:07+00:00,0xc803698a4be31f0b9035b6eba17623698f3e2f82,0x7a250d5630b4cf539739df2c5dacb4c659f2488d,100.0,EOA,Contract
2021-09-24 10:48:07+00:00,0x418c0fc22d28f232fddaee148b38e5df38674abf,0x9edb54fe10c62f544e5977e6039d802a31f2c4c5,50.0,EOA,Contract
2021-09-24 10:48:10+00:00,0xbb431c391ce885cfc03faa32c16774bc37abb050,0x11111112542d85b3ef69ae05771c2dccff4faa26,70.18848261227528,EOA,Contract
2021-09-24 10:48:26+00:00,0xa042cc0a6de310d4dbceae56c31767cb371735f8,0xe592427a0aece92de3edee1f18e0157c05861564,184.0,EOA,Contract
2021-09-24 10:49:15+00:00,0x848d47d6a68fc0ce61e234257fa7024c59d331dc,0xc02aaa39b223fe8d0a0e5c4f27ead9083c756cc2,49.55101935173537,EOA,Contract
2021-09-24 10:49:15+00:00,0x1ec5fadf026843ad94dedbb283aacb08cbb52a7d,0xd9e1ce17f2641f24ae83637ab66a2cca9c378b9f,68.0,EOA,Contract
2021-09-24 10:49:15+00:00,0xcac725bef4f114f728cbcfd744a731c2a463c3fc,0x5a2a543101a630cb55a416d57b35e1b36eb2fe2d,99.996,EOA,Contract
2021-09-24 10:49:15+00:00,0x57ed22fbe00d4fc2828a51a5db95e7bcd297d345,0x4ddc2d193948926d02f9b1fe9e1daa0718270ed5,300.0,EOA,Contract
2021-09-24 10:49:26+00:00,0xa294cca691e4c83b1fc0c8d63d9a3eef0a196de1,0x0f77726f9eb566b0b163d341a33b6a89923d550b,127.8287,EOA,Contract
2021-09-24 10:49:26+00:00,0x5bd9dee999fe2c4e6efdbab2c395b4685b0c00d0,0x11111112542d85b3ef69ae05771c2dccff4faa26,50.0,EOA,Contract
2021-09-24 10:49:26+00:00,0x96aea3a04627f96a038b348b4d34ac24df08820a,0xf164fc0ec4e93095b804a4795bbe1e041497b92a,31.717171717171198,EOA,Contract
2021-09-24 10:50:30+00:00,0x23a8b7f4cf5fb0d40aa7db57b8cd376d3332130e,0x881d40237659c251811cec9c364ef91dc08d300c,100.0,EOA,Contract
2021-09-24 10:50:40+00:00,0x3d60b9432f09ee496ed6d17f9da6d028e1e83bd6,0xefb2e870b14d7e555a31b392541acf002dae6ae9,213.97076524,EOA,EOA
2021-09-24 10:51:21+00:00,0x43c3382a5514d798e658f4019ba4d8e47f51ab65,0xa93ef39a6b51a81a9b60bc65a2565e425c2a1a6a,155.0,EOA,EOA
2021-09-24 10:51:24+00:00,0x8683bb5917559ea3f07e4ab397e955acb892642a,0x11111112542d85b3ef69ae05771c2dccff4faa26,73.0,EOA,Contract
2021-09-24 10:51:24+00:00,0xc803698a4be31f0b9035b6eba17623698f3e2f82,0x7a250d5630b4cf539739df2c5dacb4c659f2488d,100.0,EOA,Contract
2021-09-24 10:52:01+00:00,0x000e20a2eefa97815f3f5057fcd8920acf1ae0de,0xefb2e870b14d7e555a31b392541acf002dae6ae9,152.427906052,EOA,EOA
2021-09-24 10:52:16+00:00,0xc098b2a3aa256d2140208c3de6543aaef5cd3a94,0x5bd9dee999fe2c4e6efdbab2c395b4685b0c00d0,200.0,EOA,EOA
2021-09-24 10:52:19+00:00,0x8683bb5917559ea3f07e4ab397e955acb892642a,0x11111112542d85b3ef69ae05771c2dccff4faa26,73.0,EOA,Contract
2021-09-24 10:52:19+00:00,0xe3063366671017e9d479e3c0b3a75d98246ef91b,0x1bf68a9d1eaee7826b3593c20a0ca93293cb489a,200.0,EOA,Contract
2021-09-24 10:52:19+00:00,0x5bd9dee999fe2c4e6efdbab2c395b4685b0c00d0,0x1c87257f5e8609940bc751a07bb085bb7f8cdbe6,44.61297842036612,EOA,Contract
2021-09-24 10:52:32+00:00,0x52245290292bde3dacd4b22889aa9830fc9b80cd,0xfa52274dd61e1643d2205169732f29114bc240b3,30.56740168590723,EOA,Contract
2021-09-24 10:52:39+00:00,0x5bd9dee999fe2c4e6efdbab2c395b4685b0c00d0,0x11111112542d85b3ef69ae05771c2dccff4faa26,50.0,EOA,Contract
2021-09-24 10:52:39+00:00,0xc803698a4be31f0b9035b6eba17623698f3e2f82,0x7a250d5630b4cf539739df2c5dacb4c659f2488d,100.0,EOA,Contract
2021-09-24 10:52:39+00:00,0xfddaf6e14c16d07a8d09a4a2fef2fa768e2d43bd,0x3a4684f6d08027cccf1bdf7ac8872f16e3dd4f9a,400.00062274466933,EOA,EOA
2021-09-24 10:52:39+00:00,0x508beac0140834d3e1be24addffbb230385410fc,0xe592427a0aece92de3edee1f18e0157c05861564,45.0,EOA,Contract
2021-09-24 10:52:39+00:00,0x96aea3a04627f96a038b348b4d34ac24df08820a,0xd9e1ce17f2641f24ae83637ab66a2cca9c378b9f,31.715409916950243,EOA,Contract
2021-09-24 10:53:10+00:00,0x27f361bb92e4455ae9f7deaf341078cb93e5e85d,0xa4886ace555c85f2c27834b02477b11184f2e7e4,350.0,EOA,Contract
2021-09-24 10:53:10+00:00,0x9245175fdb2ac373ddf94f4bf50a68f4f5836998,0xec0d3f28d37a3393cf09ee3ad446c485b6afdaa3,66.0,EOA,Contract
2021-09-24 10:53:10+00:00,0xa93ef39a6b51a81a9b60bc65a2565e425c2a1a6a,0x876eabf441b2ee5b5b0554fd502a8e0600950cfa,154.99519189,EOA,EOA
2021-09-24 10:53:59+00:00,0x5338035c008ea8c4b850052bc8dad6a33dc2206c,0xcc9a0b7c43dc2a5f023bb9b738e45b0ef6b06e04,168.0,EOA,Contract
2021-09-24 10:53:59+00:00,0x3a4684f6d08027cccf1bdf7ac8872f16e3dd4f9a,0xa7efae728d2936e78bda97dc267687568dd593f3,399.99887975,EOA,EOA
2021-09-24 10:54:56+00:00,0xd2cf5152db33f74d02e137f7288900b65124270a,0x03f34be1bf910116595db1b11e9d1b2ca5d59659,51.9053,EOA,Contract
2021-09-24 10:55:20+00:00,0xa40dfee99e1c85dc97fdc594b16a460717838703,0x00000000219ab540356cbb839cbe05303d7705fa,32.0,EOA,Contract
2021-09-24 10:55:20+00:00,0x9696f59e4d72e237be84ffd425dcad154bf96976,0xd677878938106d0b8b42a1d4a8d2d8019924971e,199.995,EOA,Contract
2021-09-24 10:56:17+00:00,0x267be1c1d684f78cb4f6a176c4911b741e4ffdc0,0xf031878f6cf9873e296feb81dcfb47a6057bc6bf,137.6365,EOA,Contract
2021-09-24 10:56:17+00:00,0xc098b2a3aa256d2140208c3de6543aaef5cd3a94,0xc39aeebb3d6ecea6b1cddf56dc47c3d29e2ff784,249.451165,EOA,EOA
2021-09-24 10:56:17+00:00,0xbb431c391ce885cfc03faa32c16774bc37abb050,0x11111112542d85b3ef69ae05771c2dccff4faa26,70.68457982883429,EOA,Contract
2021-09-24 10:56:17+00:00,0xe82c60f27b265123419570a4a7ee9cdc7f21aa48,0xcfbedfdbca7ff74fbaab47c6624cda32a4d93175,50.0,EOA,Contract
2021-09-24 10:57:25+00:00,0xa7efae728d2936e78bda97dc267687568dd593f3,0x3e9b8d00064f07f1ef0f898f8f9787a304afdbb5,225.830131,EOA,EOA
2021-09-24 10:58:03+00:00,0x0577a79cfc63bbc0df38833ff4c4a3bf2095b404,0x44f51503b633060bbd54963710da9888a8ba5b49,307.89672866,EOA,EOA
2021-09-24 10:58:26+00:00,0x1ec5fadf026843ad94dedbb283aacb08cbb52a7d,0xd9e1ce17f2641f24ae83637ab66a2cca9c378b9f,68.5,EOA,Contract
2021-09-24 10:58:33+00:00,0x017123006015a19313ac95ca7f481d00d3559255,0x881d40237659c251811cec9c364ef91dc08d300c,36.0,EOA,Contract
2021-09-24 10:58:33+00:00,0x12cff71edfc4e16eec6373f1fb37c5cf3ca71c19,0xa7efae728d2936e78bda97dc267687568dd593f3,248.96351857,EOA,EOA
2021-09-24 10:58:41+00:00,0xf38dc7d9a245df9b3ec56c2310abf6cfe831956c,0x881d40237659c251811cec9c364ef91dc08d300c,125.0,EOA,Contract
2021-09-24 10:58:41+00:00,0xf66852bc122fd40bfecc63cd48217e88bda12109,0x0c0051c3189f0b2d5d9d395cc9d796c4ff00b873,699.996,EOA,EOA
2021-09-24 10:59:25+00:00,0x2f9677016cb1e92e8f8a999c4541650c80c8637a,0xe592427a0aece92de3edee1f18e0157c05861564,40.0,EOA,Contract
2021-09-24 11:00:47+00:00,0xf66852bc122fd40bfecc63cd48217e88bda12109,0x0c0051c3189f0b2d5d9d395cc9d796c4ff00b873,600.70850839,EOA,EOA
2021-09-24 11:00:47+00:00,0x2849ef9c4f4f8a2ba98279dcb4d61b7a4a982b32,0x99c9fc46f92e8a1c0dec1b1747d010903e884be1,100.0,EOA,Contract
2021-09-24 11:01:01+00:00,0x0d0707963952f2fba59dd06f2b425ace40b492fe,0xa93ef39a6b51a81a9b60bc65a2565e425c2a1a6a,193.9937,EOA,EOA
2021-09-24 11:01:09+00:00,0x3dac271d1b36a434880c527a678b6487ac9c1f8c,0xe592427a0aece92de3edee1f18e0157c05861564,100.0,EOA,Contract
2021-09-24 11:01:38+00:00,0x492f5e8b40da0b02742b658780483d9dfae13cb3,0x28c6c06298d514db089934071355e5743bf21d60,200.51459097891046,EOA,EOA
2021-09-24 11:01:38+00:00,0x1671a3e4a2519a653e66e827ef6eae690ee86729,0x28c6c06298d514db089934071355e5743bf21d60,282.381792371,EOA,EOA
2021-09-24 11:01:38+00:00,0x22f1e4fa15c3c1dda5264234117975eaaca1fdf2,0x28c6c06298d514db089934071355e5743bf21d60,185.551648,EOA,EOA
2021-09-24 11:01:38+00:00,0x73f9b272abda7a97cb1b237d85f9a7236edb6f16,0x28c6c06298d514db089934071355e5743bf21d60,235.787776143,EOA,EOA
2021-09-24 11:01:38+00:00,0x3229149012a035ef51d724e0343eb31ce3e4bb7d,0x28c6c06298d514db089934071355e5743bf21d60,1334.425962421,EOA,EOA
2021-09-24 11:02:29+00:00,0x56eddb7aa87536c09ccc2793473599fd21a8b17f,0x799dfd4083a146d3b35f3f5b5f5113f005fcb4d9,66.565,EOA,Contract
2021-09-24 11:02:29+00:00,0xa93ef39a6b51a81a9b60bc65a2565e425c2a1a6a,0x876eabf441b2ee5b5b0554fd502a8e0600950cfa,193.99150481,EOA,EOA
2021-09-24 11:03:41+00:00,0x7fb889f6dec4870a83d9926c4ce4f23cd794e62f,0x7f825bd2dcf3b139d476138df8b5eb6c48a6916c,304.0,EOA,EOA
2021-09-24 11:03:41+00:00,0x004558c1abb36852be7dc119f3bff96e4572cbbe,0xcd7739e0f627f82cf4ed0036abe788698a905647,145.8,EOA,Contract
2021-09-24 11:03:46+00:00,0x12ef97e205cd3de60fb1c1e073403277be080fea,0xfa52274dd61e1643d2205169732f29114bc240b3,40.77187288228,EOA,Contract
2021-09-24 11:03:46+00:00,0xf5f3436a05b5ced2490dae07b86eb5bbd02782aa,0x1db92e2eebc8e0c075a02bea49a2935bcd2dfcf4,40.60823666520671,EOA,Contract
2021-09-24 11:03:46+00:00,0xfbb1b73c4f0bda4f67dca266ce6ef42f520fbb98,0x98fec3c85442510530b3919d3f0b40b6a350d376,602.76294741,EOA,Contract
2021-09-24 11:03:46+00:00,0xfbb1b73c4f0bda4f67dca266ce6ef42f520fbb98,0x497d549081076878082a1e90458348e6bcc72d16,33.30816211,EOA,Contract
2021-09-24 11:04:28+00:00,0xdfd5293d8e347dfe59e90efd55b2956a1343963d,0x95a0b44b16231852fa54ece6e55acb8ef2885854,96.995,EOA,Contract
2021-09-24 11:04:45+00:00,0x5bd9dee999fe2c4e6efdbab2c395b4685b0c00d0,0x11111112542d85b3ef69ae05771c2dccff4faa26,50.0,EOA,Contract
2021-09-24 11:05:04+00:00,0x0577a79cfc63bbc0df38833ff4c4a3bf2095b404,0xbc772a2f76d2f76c25ff6cb6be8276663fc1410c,171.496,EOA,EOA
2021-09-24 11:05:26+00:00,0x1dcf54b0c346215ff69c5a424910dadebc7c48fc,0xfa52274dd61e1643d2205169732f29114bc240b3,63.8358140561,EOA,Contract
2021-09-24 11:05:26+00:00,0x73f8fc2e74302eb2efda125a326655acf0dc2d1b,0x22f1e4fa15c3c1dda5264234117975eaaca1fdf2,199.995,EOA,EOA
2021-09-24 11:05:26+00:00,0x7f825bd2dcf3b139d476138df8b5eb6c48a6916c,0x11111112542d85b3ef69ae05771c2dccff4faa26,400.0,EOA,Contract
2021-09-24 11:05:54+00:00,0xc098b2a3aa256d2140208c3de6543aaef5cd3a94,0x703e4e3b6ae891e5d9c062fd50be1a1aac190ab9,173.564,EOA,EOA
2021-09-24 11:05:54+00:00,0x23a8b7f4cf5fb0d40aa7db57b8cd376d3332130e,0x881d40237659c251811cec9c364ef91dc08d300c,50.0,EOA,Contract
2021-09-24 11:06:14+00:00,0x6594c9a52ecceb4189ac859210b3d1073813c3e4,0x4ad64983349c49defe8d7a4686202d24b25d0ce8,299.812522,EOA,EOA
2021-09-24 11:06:16+00:00,0x63aea877b5d5fa234a1532f1b26a4f6d9051866e,0x11111112542d85b3ef69ae05771c2dccff4faa26,45.0,EOA,Contract
2021-09-24 11:06:22+00:00,0x2f9677016cb1e92e8f8a999c4541650c80c8637a,0xe592427a0aece92de3edee1f18e0157c05861564,150.0,EOA,Contract
2021-09-24 11:07:01+00:00,0x77e4ff5564a36be56c23039278ab76b784e0e9f0,0xc02aaa39b223fe8d0a0e5c4f27ead9083c756cc2,70.98656893704246,EOA,Contract
2021-09-24 11:07:01+00:00,0x62bd735ffbd49a02883ac6375aa65c3d4ed146ca,0xfa52274dd61e1643d2205169732f29114bc240b3,88.43993915548634,EOA,Contract
2021-09-24 11:07:01+00:00,0x3dac271d1b36a434880c527a678b6487ac9c1f8c,0xe592427a0aece92de3edee1f18e0157c05861564,155.0,EOA,Contract
2021-09-24 11:07:14+00:00,0xa4e1a08b200622acdae050b95851322de8556b67,0x1c87257f5e8609940bc751a07bb085bb7f8cdbe6,74.45252080581652,EOA,Contract
2021-09-24 11:07:14+00:00,0xa7efae728d2936e78bda97dc267687568dd593f3,0xc5458e431d47d0a06d042686d511c775fc7942b1,62.496,EOA,Contract
2021-09-24 11:07:18+00:00,0x9197a850797b17aff5ca879b7e1ca7a73cb35572,0x03f34be1bf910116595db1b11e9d1b2ca5d59659,90.0,EOA,Contract
2021-09-24 11:07:59+00:00,0x3fac5e71d498d63e8cd7e977a4d968b55c27f754,0x035a73b8de4b6f5d789b0821613671b8a8e383f8,45.399041,EOA,Contract
2021-09-24 11:07:59+00:00,0xbb431c391ce885cfc03faa32c16774bc37abb050,0x11111112542d85b3ef69ae05771c2dccff4faa26,71.24961056871511,EOA,Contract
2021-09-24 11:08:04+00:00,0x5bd9dee999fe2c4e6efdbab2c395b4685b0c00d0,0x1c87257f5e8609940bc751a07bb085bb7f8cdbe6,44.85119802104655,EOA,Contract
2021-09-24 11:08:04+00:00,0x73f8fc2e74302eb2efda125a326655acf0dc2d1b,0x2609de9377db593088af94435a49d745a7f310eb,299.996,EOA,EOA
2021-09-24 11:08:55+00:00,0x9696f59e4d72e237be84ffd425dcad154bf96976,0xfa103c21ea2df71dfb92b0652f8b1d795e51cdef,1313.8398,EOA,Contract
2021-09-24 11:09:02+00:00,0x23a8b7f4cf5fb0d40aa7db57b8cd376d3332130e,0xe592427a0aece92de3edee1f18e0157c05861564,50.0,EOA,Contract
2021-09-24 11:09:20+00:00,0x0577a79cfc63bbc0df38833ff4c4a3bf2095b404,0x7f825bd2dcf3b139d476138df8b5eb6c48a6916c,401.15704221,EOA,EOA
2021-09-24 11:09:20+00:00,0x5c5f32d0a4426986bdc7212eabeaab2b95aaf4ac,0xe592427a0aece92de3edee1f18e0157c05861564,39.0,EOA,Contract
2021-09-24 11:09:20+00:00,0x5ab9d116a53ef41063e3eae26a7ebe736720e9ba,0xc02aaa39b223fe8d0a0e5c4f27ead9083c756cc2,48.12400834135856,EOA,Contract
2021-09-24 11:09:41+00:00,0x96aea3a04627f96a038b348b4d34ac24df08820a,0xd9e1ce17f2641f24ae83637ab66a2cca9c378b9f,40.22436888294792,EOA,Contract
2021-09-24 11:09:51+00:00,0x1e5aebcfdc780da4fb506e93a0b398490fd94864,0x66882c005188f0f4d95825ed7a7f78ed3055f167,300.0,EOA,EOA
2021-09-24 11:09:51+00:00,0x002e7f273b46e0abad44d381aa74795df5780089,0x065ad8ae434ad88cf67c031a9748b6719301cedb,101.0,EOA,Contract
2021-09-24 11:09:51+00:00,0x23a8b7f4cf5fb0d40aa7db57b8cd376d3332130e,0xe592427a0aece92de3edee1f18e0157c05861564,100.0,EOA,Contract
2021-09-24 11:10:01+00:00,0xabdfa75f69be796dec2fef75d86b7ef17a05765f,0xe592427a0aece92de3edee1f18e0157c05861564,61.0,EOA,Contract
2021-09-24 11:10:03+00:00,0xa7efae728d2936e78bda97dc267687568dd593f3,0x2609de9377db593088af94435a49d745a7f310eb,349.996,EOA,EOA
2021-09-24 11:10:03+00:00,0x267be1c1d684f78cb4f6a176c4911b741e4ffdc0,0x2609de9377db593088af94435a49d745a7f310eb,212.9965,EOA,EOA
2021-09-24 11:10:12+00:00,0xf66852bc122fd40bfecc63cd48217e88bda12109,0x5aa984ec6b03a29a51511cea239a88ff21ca62e6,500.0,EOA,EOA
2021-09-24 11:10:12+00:00,0x3dac271d1b36a434880c527a678b6487ac9c1f8c,0xe592427a0aece92de3edee1f18e0157c05861564,156.49519409564522,EOA,Contract
2021-09-24 11:10:12+00:00,0x3841d84a5ed84bcd6261c49d656c4815619cdb45,0x66a65a52e68e3e90e3a847dd09e8aa8c7f707fdc,169.97988615794966,EOA,EOA
2021-09-24 11:10:12+00:00,0xdc72bd8115311209270c453d52a031773372c52f,0x388e72eaf4689a7a698360b8e86bf71326107d7d,50.0,EOA,Contract
2021-09-24 11:10:50+00:00,0x73f8fc2e74302eb2efda125a326655acf0dc2d1b,0xfa103c21ea2df71dfb92b0652f8b1d795e51cdef,1325.408327,EOA,Contract
2021-09-24 11:10:55+00:00,0x2609de9377db593088af94435a49d745a7f310eb,0x876eabf441b2ee5b5b0554fd502a8e0600950cfa,862.98660224,EOA,EOA
2021-09-24 11:11:27+00:00,0x5f9162d7b8a796e1ad41df768fa633bd4de065ec,0x4dbd4fc535ac27206064b68ffcf827b0a60bab3f,35.0,EOA,Contract
2021-09-24 11:11:27+00:00,0x0cb8f6702b9e8abc0edef698a535b10f0b9c1e25,0xd9e1ce17f2641f24ae83637ab66a2cca9c378b9f,72.0,EOA,Contract
2021-09-24 11:11:32+00:00,0x23a8b7f4cf5fb0d40aa7db57b8cd376d3332130e,0xe592427a0aece92de3edee1f18e0157c05861564,100.0,EOA,Contract
2021-09-24 11:11:34+00:00,0xba1247e8f8f1e592a45925b7c1447d19cc7628b5,0x11111112542d85b3ef69ae05771c2dccff4faa26,250.0,EOA,Contract
2021-09-24 11:11:34+00:00,0xb5d85cbf7cb3ee0d56b3bb207d5fc4b82f43f511,0xfa103c21ea2df71dfb92b0652f8b1d795e51cdef,1316.27408604,EOA,Contract
2021-09-24 11:11:34+00:00,0xbb001024d6c3fa8063482383c7a6602da7d64cf5,0xc02aaa39b223fe8d0a0e5c4f27ead9083c756cc2,103.84125169779196,EOA,Contract
2021-09-24 11:11:34+00:00,0x21a31ee1afc51d94c2efccaa2092ad1028285549,0xd677878938106d0b8b42a1d4a8d2d8019924971e,199.995,EOA,Contract
2021-09-24 11:11:34+00:00,0x0d0707963952f2fba59dd06f2b425ace40b492fe,0x892e9e24aea3f27f4c6e9360e312cce93cc98ebe,232.989,EOA,EOA
2021-09-24 11:11:34+00:00,0x9245175fdb2ac373ddf94f4bf50a68f4f5836998,0xec0d3f28d37a3393cf09ee3ad446c485b6afdaa3,64.0,EOA,Contract
2021-09-24 11:11:56+00:00,0x7f825bd2dcf3b139d476138df8b5eb6c48a6916c,0x11111112542d85b3ef69ae05771c2dccff4faa26,400.0,EOA,Contract
2021-09-24 11:11:56+00:00,0x23a8b7f4cf5fb0d40aa7db57b8cd376d3332130e,0xe592427a0aece92de3edee1f18e0157c05861564,98.0,EOA,Contract
2021-09-24 11:12:26+00:00,0x56178a0d5f301baf6cf3e1cd53d9863437345bf9,0x4ddc2d193948926d02f9b1fe9e1daa0718270ed5,213.76481634872414,EOA,Contract
2021-09-24 11:12:26+00:00,0xdfd5293d8e347dfe59e90efd55b2956a1343963d,0x95a0b44b16231852fa54ece6e55acb8ef2885854,107.995,EOA,Contract
2021-09-24 11:13:09+00:00,0x8afd8542540a2c5ce26d01ac3ae6cc1e9c32568f,0x4ad64983349c49defe8d7a4686202d24b25d0ce8,878.924235908,EOA,EOA
2021-09-24 11:13:19+00:00,0x66a65a52e68e3e90e3a847dd09e8aa8c7f707fdc,0xddfabcdc4d8ffc6d5beaf154f18b778f892a0740,169.97591715794968,EOA,EOA
2021-09-24 11:13:23+00:00,0x52245290292bde3dacd4b22889aa9830fc9b80cd,0xfa52274dd61e1643d2205169732f29114bc240b3,31.546433760432205,EOA,Contract
2021-09-24 11:13:23+00:00,0x66882c005188f0f4d95825ed7a7f78ed3055f167,0x58a3c68e2d3aaf316239c003779f71acb870ee47,300.0,EOA,Contract
2021-09-24 11:13:26+00:00,0xb98cdacd006b9d47c37ca63cc86f916ee23fc550,0x881d40237659c251811cec9c364ef91dc08d300c,100.0,EOA,Contract
2021-09-24 11:14:02+00:00,0xf66852bc122fd40bfecc63cd48217e88bda12109,0xe5782724e87bcd5a1f48737ff6cfeaf875ab5873,999.9535,EOA,EOA
2021-09-24 11:14:02+00:00,0xa7efae728d2936e78bda97dc267687568dd593f3,0xef813dd7e2ab57c63a4bbecaf7cb3600aa7e7e75,39.25,EOA,Contract
2021-09-24 11:14:02+00:00,0x73f8fc2e74302eb2efda125a326655acf0dc2d1b,0x892e9e24aea3f27f4c6e9360e312cce93cc98ebe,200.0,EOA,EOA
2021-09-24 11:14:32+00:00,0x6c2d992b7739dfb363a473cc4f28998b7f1f6de2,0xc02aaa39b223fe8d0a0e5c4f27ead9083c756cc2,103.25620442238929,EOA,Contract
2021-09-24 11:14:34+00:00,0x6841b20f53fb5a0b471a7e67d82f15ec9b9c522f,0x995e3b49898ddcdc165d73413b559f965d21b8d2,350.0,EOA,EOA
2021-09-24 11:14:34+00:00,0xa38cdb63c943e9481c9b87db5c80f5ac333d16ed,0x1bafa215e7150d15b0b9f255f59cc10bc1631112,685.0,EOA,EOA
2021-09-24 11:14:40+00:00,0x0577a79cfc63bbc0df38833ff4c4a3bf2095b404,0x3616a455750c1cb90949978f7102271f37b6216a,300.0,EOA,EOA
2021-09-24 11:14:40+00:00,0x2f9677016cb1e92e8f8a999c4541650c80c8637a,0xe592427a0aece92de3edee1f18e0157c05861564,65.0,EOA,Contract
2021-09-24 11:14:40+00:00,0xf7c35e45122075ac394a3b453e1b35f4c319e874,0xcc9a0b7c43dc2a5f023bb9b738e45b0ef6b06e04,92.1,EOA,Contract
2021-09-24 11:15:33+00:00,0x871ea9af361ec1104489ed96438319b46e5fb4c6,0xf9fb1c508ff49f78b60d3a96dea99fa5d7f3a8a6,40.0,EOA,Contract
2021-09-24 11:15:33+00:00,0x1bafa215e7150d15b0b9f255f59cc10bc1631112,0xc098b2a3aa256d2140208c3de6543aaef5cd3a94,684.997470655,EOA,EOA
2021-09-24 11:15:38+00:00,0xe4f41e2d2c35d2ede94f60884eb5d0c93e6e0ada,0x5cfea98867469500b90f0aa18402b95531869662,165.0,EOA,EOA
2021-09-24 11:15:38+00:00,0x56c5fe534404a5cfab7e120ad2f003bb6de2d075,0xfa52274dd61e1643d2205169732f29114bc240b3,54.28048249659108,EOA,Contract
2021-09-24 11:15:38+00:00,0xf66852bc122fd40bfecc63cd48217e88bda12109,0x7f825bd2dcf3b139d476138df8b5eb6c48a6916c,401.022065,EOA,EOA
2021-09-24 11:15:38+00:00,0xcd99e3aa08e3721cbf549d49ec3aa24c1fb3315d,0xd9e1ce17f2641f24ae83637ab66a2cca9c378b9f,90.0,EOA,Contract
2021-09-24 11:15:38+00:00,0x686d0b9d00ce38533f6fb009cab058757f37a904,0xcbce46c6a657586478a0f0830f8d6bdc3947839f,32.0,EOA,Contract
2021-09-24 11:16:00+00:00,0xa7efae728d2936e78bda97dc267687568dd593f3,0x22f1e4fa15c3c1dda5264234117975eaaca1fdf2,192.649,EOA,EOA
2021-09-24 11:16:00+00:00,0xf3b08a2e2747a0638ad91e163be3a251f26b6c38,0xe592427a0aece92de3edee1f18e0157c05861564,55.0,EOA,Contract
2021-09-24 11:16:36+00:00,0x62bd735ffbd49a02883ac6375aa65c3d4ed146ca,0xfa52274dd61e1643d2205169732f29114bc240b3,84.7314826834972,EOA,Contract
2021-09-24 11:16:36+00:00,0x9245175fdb2ac373ddf94f4bf50a68f4f5836998,0xec0d3f28d37a3393cf09ee3ad446c485b6afdaa3,72.0,EOA,Contract
2021-09-24 11:16:49+00:00,0x56178a0d5f301baf6cf3e1cd53d9863437345bf9,0xc02aaa39b223fe8d0a0e5c4f27ead9083c756cc2,466.4981039437268,EOA,Contract
2021-09-24 11:16:59+00:00,0xeb1df59ce4e7a97c482a5a9f2d46610582466944,0xe592427a0aece92de3edee1f18e0157c05861564,45.0,EOA,Contract
2021-09-24 11:16:59+00:00,0xbb431c391ce885cfc03faa32c16774bc37abb050,0x11111112542d85b3ef69ae05771c2dccff4faa26,36.11645330636884,EOA,Contract
2021-09-24 11:16:59+00:00,0xbb431c391ce885cfc03faa32c16774bc37abb050,0x11111112542d85b3ef69ae05771c2dccff4faa26,108.2030067350495,EOA,Contract
2021-09-24 11:17:14+00:00,0xa7efae728d2936e78bda97dc267687568dd593f3,0xc5458e431d47d0a06d042686d511c775fc7942b1,54.366,EOA,Contract
2021-09-24 11:17:34+00:00,0x848d47d6a68fc0ce61e234257fa7024c59d331dc,0xc02aaa39b223fe8d0a0e5c4f27ead9083c756cc2,50.2101899433937,EOA,Contract
2021-09-24 11:17:41+00:00,0xbc8369d69bf27353fb3f9b2b5f6774f5e6c7dffd,0xd9e1ce17f2641f24ae83637ab66a2cca9c378b9f,90.0,EOA,Contract
2021-09-24 11:18:08+00:00,0xa0dc5bcefddce5c369fa5707ab445ec0906e76ce,0xcc9a0b7c43dc2a5f023bb9b738e45b0ef6b06e04,100.0,EOA,Contract
2021-09-24 11:18:08+00:00,0xfbc42b6d570e9e9f14a1bf0a39c85ad2b8f03ba5,0x9271d303b57c204636c38df0ed339b18bf98f909,40.0,EOA,Contract
2021-09-24 11:18:08+00:00,0x0b9dc2952be19dcbfaa22a7b47e6da49215dff04,0xd9e1ce17f2641f24ae83637ab66a2cca9c378b9f,34.60844208953459,EOA,Contract
2021-09-24 11:18:08+00:00,0xb5d85cbf7cb3ee0d56b3bb207d5fc4b82f43f511,0x6767526a362ec6c6b1df185478e4f01506b73ff3,150.0,EOA,EOA
2021-09-24 11:18:39+00:00,0x5cfea98867469500b90f0aa18402b95531869662,0xa910f92acdaf488fa6ef02174fb86208ad7722ba,164.99766311721066,EOA,EOA
2021-09-24 11:19:07+00:00,0x5bd9dee999fe2c4e6efdbab2c395b4685b0c00d0,0x11111112542d85b3ef69ae05771c2dccff4faa26,40.0,EOA,Contract
2021-09-24 11:19:09+00:00,0xc46b9f5baff1345f39bedcc4aa65dc62ed1c4505,0x881d40237659c251811cec9c364ef91dc08d300c,100.0,EOA,Contract
2021-09-24 11:19:09+00:00,0x1c7aa50e8eedd38b8b1a777383aa91c0c7e5d62a,0x005abeddceaa4f22849da5c7b8028b33326616db,500.0,EOA,EOA
2021-09-24 11:19:22+00:00,0x5225166f5edb2907d484fb27b4b323bf251321f5,0x03f34be1bf910116595db1b11e9d1b2ca5d59659,130.0,EOA,Contract
2021-09-24 11:19:29+00:00,0x56eddb7aa87536c09ccc2793473599fd21a8b17f,0xba2828dc3844898eeea02af3da593c7b13a61c19,163.295,EOA,EOA
2021-09-24 11:19:29+00:00,0xbe0b2b08a8713b32a776aa8036eb166b14dc5612,0xe592427a0aece92de3edee1f18e0157c05861564,31.0,EOA,Contract
2021-09-24 11:19:37+00:00,0xcdfe385262cdbe95de0e34ae37b6d07981043e51,0xb29380ffc20696729b7ab8d093fa1e2ec14dfe2b,274.7170898907821,EOA,EOA
2021-09-24 11:19:40+00:00,0xc803698a4be31f0b9035b6eba17623698f3e2f82,0x7a250d5630b4cf539739df2c5dacb4c659f2488d,100.0,EOA,Contract
2021-09-24 11:19:40+00:00,0x703e4e3b6ae891e5d9c062fd50be1a1aac190ab9,0xb29380ffc20696729b7ab8d093fa1e2ec14dfe2b,173.56137309583872,EOA,EOA
2021-09-24 11:19:40+00:00,0x43c3382a5514d798e658f4019ba4d8e47f51ab65,0x892e9e24aea3f27f4c6e9360e312cce93cc98ebe,190.0,EOA,EOA
2021-09-24 11:19:58+00:00,0x326d9d4870c636d9b25c939237e0f1ea9ea1a974,0x8a79971ee9bf048bf1afeb2f30927cd843143ef1,300.0,EOA,Contract
2021-09-24 11:19:58+00:00,0xbdd657e1d8dd38776dac64fbfe784cdfd5d330cd,0xef970a111dd6c281c40eee6c40b43f24435833c2,43.2,EOA,Contract
2021-09-24 11:20:09+00:00,0xbc772a2f76d2f76c25ff6cb6be8276663fc1410c,0xb29380ffc20696729b7ab8d093fa1e2ec14dfe2b,171.49352290488835,EOA,EOA
2021-09-24 11:20:09+00:00,0xc098b2a3aa256d2140208c3de6543aaef5cd3a94,0x6767526a362ec6c6b1df185478e4f01506b73ff3,199.699,EOA,EOA
2021-09-24 11:20:27+00:00,0x41455ed6e2427929e6e1a8a3c6e3b8739d78a6a6,0xb29380ffc20696729b7ab8d093fa1e2ec14dfe2b,159.39273987213983,EOA,EOA
2021-09-24 11:20:27+00:00,0xe11970f2f3de9d637fb786f2d869f8fea44195ac,0x91958113b6ffe2bb496be019dd0430668db023f2,4000.0,EOA,EOA
2021-09-24 11:20:27+00:00,0x9250b9b5c67618b4753abfa3ee52bc7a13e2b814,0x11111112542d85b3ef69ae05771c2dccff4faa26,437.49167,EOA,Contract
2021-09-24 11:20:27+00:00,0x9245175fdb2ac373ddf94f4bf50a68f4f5836998,0xec0d3f28d37a3393cf09ee3ad446c485b6afdaa3,120.0,EOA,Contract
2021-09-24 11:20:27+00:00,0x55e4d16f9c3041eff17ca32850662f3e9dddbce7,0xa75ede99f376dd47f3993bc77037f61b5737c6ea,1000.0,EOA,EOA
2021-09-24 11:20:51+00:00,0xc333e80ef2dec2805f239e3f1e810612d294f771,0x5077bad139cde8e7865a9f6d4c147c21bb13828e,710.0,EOA,EOA
2021-09-24 11:20:59+00:00,0xc098b2a3aa256d2140208c3de6543aaef5cd3a94,0x6e3ff0b219d77fe3e7029e3acc8210f1701d784c,499.997145,EOA,EOA
2021-09-24 11:20:59+00:00,0xbb431c391ce885cfc03faa32c16774bc37abb050,0x11111112542d85b3ef69ae05771c2dccff4faa26,36.136061294394636,EOA,Contract
2021-09-24 11:20:59+00:00,0xf66852bc122fd40bfecc63cd48217e88bda12109,0xfa103c21ea2df71dfb92b0652f8b1d795e51cdef,1387.426834,EOA,Contract
2021-09-24 11:21:27+00:00,0x73f8fc2e74302eb2efda125a326655acf0dc2d1b,0x4b8a339be06ff31752a806995b72e76e93dd9106,292.3551,EOA,EOA
2021-09-24 11:21:27+00:00,0x0d0707963952f2fba59dd06f2b425ace40b492fe,0x892e9e24aea3f27f4c6e9360e312cce93cc98ebe,178.989,EOA,EOA
2021-09-24 11:21:37+00:00,0x381b2dddfbe91fc326fb45cee8f9cb82b3d3ba72,0x03f34be1bf910116595db1b11e9d1b2ca5d59659,50.0,EOA,Contract
2021-09-24 11:21:37+00:00,0x7b1886e49ab5433bb46f7258548092dc8cdca28b,0xc02aaa39b223fe8d0a0e5c4f27ead9083c756cc2,71.75546536277162,EOA,Contract
2021-09-24 11:21:37+00:00,0x9250b9b5c67618b4753abfa3ee52bc7a13e2b814,0x11111112542d85b3ef69ae05771c2dccff4faa26,437.49167,EOA,Contract
2021-09-24 11:22:03+00:00,0x6fc48de8f167456b7aa27dd4ecfabba329ea623d,0x97f3b366a85e0b965ba28c6d3b639d4d82e811b3,167.8,EOA,EOA
2021-09-24 11:22:03+00:00,0x73f8fc2e74302eb2efda125a326655acf0dc2d1b,0xe5782724e87bcd5a1f48737ff6cfeaf875ab5873,299.9047,EOA,EOA
2021-09-24 11:22:03+00:00,0xf66852bc122fd40bfecc63cd48217e88bda12109,0xe5782724e87bcd5a1f48737ff6cfeaf875ab5873,499.9388,EOA,EOA
2021-09-24 11:22:19+00:00,0x381b2dddfbe91fc326fb45cee8f9cb82b3d3ba72,0x03f34be1bf910116595db1b11e9d1b2ca5d59659,55.0,EOA,Contract
2021-09-24 11:22:19+00:00,0xf66852bc122fd40bfecc63cd48217e88bda12109,0xe5782724e87bcd5a1f48737ff6cfeaf875ab5873,999.9694,EOA,EOA
2021-09-24 11:22:55+00:00,0xc098b2a3aa256d2140208c3de6543aaef5cd3a94,0xdb68780f8b959ac7ecaf9b132c1bbdc883f101a2,1490.0,EOA,Contract
2021-09-24 11:23:00+00:00,0xf0714f6f6acd20c1d5c6406401437c030c8d1c7f,0xe592427a0aece92de3edee1f18e0157c05861564,108.0,EOA,Contract
2021-09-24 11:23:04+00:00,0x6e3ff0b219d77fe3e7029e3acc8210f1701d784c,0x0577a79cfc63bbc0df38833ff4c4a3bf2095b404,499.995192,EOA,EOA
2021-09-24 11:23:04+00:00,0x85464b207d7c1fce8da13d2f3d950c796e399a9c,0x9d9a09db56c58a6619670b3926ab8351e94e78dd,499.997627,EOA,EOA
2021-09-24 11:23:14+00:00,0x267be1c1d684f78cb4f6a176c4911b741e4ffdc0,0xc5458e431d47d0a06d042686d511c775fc7942b1,54.2965,EOA,Contract
2021-09-24 11:23:14+00:00,0xc098b2a3aa256d2140208c3de6543aaef5cd3a94,0x19bc2e984a2e3bc5453c693d2f9617be9e508f92,500.276,EOA,EOA
2021-09-24 11:23:14+00:00,0xb75406fba146ae30811a105c91c46ce1395cb911,0xfa52274dd61e1643d2205169732f29114bc240b3,35.6199358171962,EOA,Contract
2021-09-24 11:23:38+00:00,0x58f56615180a8eea4c462235d9e215f72484b4a3,0x5f397b62502e255f68382791947d54c4b2d37f09,1045.8771562,EOA,EOA
2021-09-24 11:24:00+00:00,0x4740fa6b32c5b41ebbf631fe1af41e6fff6e2388,0x4ddc2d193948926d02f9b1fe9e1daa0718270ed5,450.0,EOA,Contract
2021-09-24 11:24:13+00:00,0x1965fae60604524afbad5479415fa7967faf4edc,0x76d1a7f538c6ba61982a8b0bb7da6e8285cebea6,100.0,EOA,Contract
2021-09-24 11:24:32+00:00,0xc333e80ef2dec2805f239e3f1e810612d294f771,0x5e11fd8e4aee03f67149cb24ea91a26657772439,492.0,EOA,Contract
2021-09-24 11:24:32+00:00,0x9d9a09db56c58a6619670b3926ab8351e94e78dd,0xc098b2a3aa256d2140208c3de6543aaef5cd3a94,499.9957706,EOA,EOA
2021-09-24 11:24:52+00:00,0xfbf4b89b5e852bb9045fbe531185e02c45fdb0d0,0x954c8a1909e69c645945d92e4abc25794d2c854c,180.0,EOA,EOA
2021-09-24 11:25:15+00:00,0xc098b2a3aa256d2140208c3de6543aaef5cd3a94,0x624abe309bc868a332eed8ee3a95260a0004f2f3,1000.0,EOA,EOA
2021-09-24 11:25:17+00:00,0xd38fcef2596c65076782fcef7fa3c531c7590c4c,0xeb2629a2734e272bcc07bda959863f316f4bd4cf,299.99823128527026,EOA,EOA
2021-09-24 11:25:17+00:00,0x19bc2e984a2e3bc5453c693d2f9617be9e508f92,0xeb2629a2734e272bcc07bda959863f316f4bd4cf,500.2752878192291,EOA,EOA
2021-09-24 11:25:17+00:00,0x267be1c1d684f78cb4f6a176c4911b741e4ffdc0,0xa79a84c752bcbcd10381823fde71f4d1eaf80c41,51.3785,EOA,Contract
2021-09-24 11:25:26+00:00,0xc374b767f4a3073b3b21f31b06498ca7268439b3,0xc36442b4a4522e871399cd717abdd847ab11fe88,818.4202704857105,EOA,Contract
2021-09-24 11:25:26+00:00,0xd4dcd2459bb78d7a645aa7e196857d421b10d93f,0x892e9e24aea3f27f4c6e9360e312cce93cc98ebe,204.994,EOA,EOA
2021-09-24 11:25:32+00:00,0xa7efae728d2936e78bda97dc267687568dd593f3,0x892e9e24aea3f27f4c6e9360e312cce93cc98ebe,150.0,EOA,EOA
2021-09-24 11:25:32+00:00,0x2f8e3f9814fc8d8d77a581738955ad22ae50e0be,0x4ddc2d193948926d02f9b1fe9e1daa0718270ed5,33.98223333,EOA,Contract
2021-09-24 11:26:01+00:00,0x7b2e40555a8b43d83ec121de5d433371251fb4e9,0x377d48b0326cfaee49b5e0e2a00bf47a1aa15382,26619.424035518485,EOA,EOA
2021-09-24 11:26:01+00:00,0x7f825bd2dcf3b139d476138df8b5eb6c48a6916c,0x11111112542d85b3ef69ae05771c2dccff4faa26,100.0,EOA,Contract
2021-09-24 11:26:01+00:00,0xcd262b16421ac23d13d345e4e08875374d5235bf,0xdef171fe48cf0115b1d80b88dc8eab59176fee57,100.0,EOA,Contract
2021-09-24 11:26:01+00:00,0x8a3d26e7a3cc78ccdd305c88582744b922290422,0x6b6e9b919bb1e21bc8d5f45c34ffb9808ce6361e,1191.0387019154243,EOA,EOA
2021-09-24 11:26:01+00:00,0x995e3b49898ddcdc165d73413b559f965d21b8d2,0x881d40237659c251811cec9c364ef91dc08d300c,41.0,EOA,Contract
2021-09-24 11:26:01+00:00,0x7b2e40555a8b43d83ec121de5d433371251fb4e9,0xd141826507aec8e00beb0657434692870199ee2e,75000.0,EOA,EOA
2021-09-24 11:26:21+00:00,0x9696f59e4d72e237be84ffd425dcad154bf96976,0x6594c9a52ecceb4189ac859210b3d1073813c3e4,299.855,EOA,EOA
2021-09-24 11:26:21+00:00,0xf66852bc122fd40bfecc63cd48217e88bda12109,0x22f1e4fa15c3c1dda5264234117975eaaca1fdf2,195.564,EOA,EOA
2021-09-24 11:26:21+00:00,0xc333e80ef2dec2805f239e3f1e810612d294f771,0xa102a06fa1abd8105a6e9965281539099adc7d7c,501.0,EOA,EOA
2021-09-24 11:26:21+00:00,0xa205fd7344656c72fdc645b72faf5a3de0b3e825,0x85464b207d7c1fce8da13d2f3d950c796e399a9c,1754.6465,EOA,EOA
2021-09-24 11:26:21+00:00,0xb224228b0fe71cebf95ee25339166cd626759b52,0x3396c5ade0266f1bd93911f9acb9413333a735da,400.0,EOA,EOA
2021-09-24 11:27:20+00:00,0xc098b2a3aa256d2140208c3de6543aaef5cd3a94,0xcdac3504e4f3a87199a98a5214245c4e09a86bbe,700.0,EOA,EOA
2021-09-24 11:27:20+00:00,0x954c8a1909e69c645945d92e4abc25794d2c854c,0x27e9f4748a2eb776be193a1f7dec2bb6daafe9cf,180.006456558,EOA,EOA
2021-09-24 11:27:20+00:00,0xe815c19abef49d1a6cee179a0d03dcd950448269,0xc02aaa39b223fe8d0a0e5c4f27ead9083c756cc2,43.46039553995794,EOA,Contract
2021-09-24 11:27:20+00:00,0x9245175fdb2ac373ddf94f4bf50a68f4f5836998,0x4091fca6bfe996f1faa47f88c986d2b289e01b43,116.72616845317066,EOA,Contract
2021-09-24 11:27:46+00:00,0x99fd1378ca799ed6772fe7bcdc9b30b389518962,0x92be6adb6a12da0ca607f9d87db2f9978cd6ec3e,500.0,EOA,Contract
2021-09-24 11:27:53+00:00,0xa102a06fa1abd8105a6e9965281539099adc7d7c,0xddfabcdc4d8ffc6d5beaf154f18b778f892a0740,500.9994385589836,EOA,EOA
2021-09-24 11:27:53+00:00,0xe16177347bc6eb8d66c1a16b0160978f5f1397b3,0xfa52274dd61e1643d2205169732f29114bc240b3,53.45608797573141,EOA,Contract
2021-09-24 11:27:53+00:00,0xe07f931bb1b72b05daefcbf9150934049f8beb40,0x977a929a06a249d1b17545d1d909f3c3a9706f1e,151.26976697143814,EOA,EOA
2021-09-24 11:27:53+00:00,0x73f8fc2e74302eb2efda125a326655acf0dc2d1b,0xe5782724e87bcd5a1f48737ff6cfeaf875ab5873,999.978,EOA,EOA
2021-09-24 11:28:33+00:00,0xba2828dc3844898eeea02af3da593c7b13a61c19,0x6254b927ecc25ddd233aaecd5296d746b1c006b4,163.2909215958465,EOA,EOA
2021-09-24 11:28:56+00:00,0xbfd9bf431251f9cae015543b903eb6a65b098945,0xe592427a0aece92de3edee1f18e0157c05861564,50.0,EOA,Contract
2021-09-24 11:29:29+00:00,0x9250b9b5c67618b4753abfa3ee52bc7a13e2b814,0x11111112542d85b3ef69ae05771c2dccff4faa26,435.46822999999995,EOA,Contract
2021-09-24 11:29:29+00:00,0x977a929a06a249d1b17545d1d909f3c3a9706f1e,0xc098b2a3aa256d2140208c3de6543aaef5cd3a94,151.26791057143814,EOA,EOA
2021-09-24 11:29:29+00:00,0xd0ee8fb3fab5cd1aac7f209ecb4ff4bc1fc928de,0x57b9cb2183e7eb705513c2383d84075ac9107673,200.0,EOA,EOA
2021-09-24 11:29:29+00:00,0xd4dcd2459bb78d7a645aa7e196857d421b10d93f,0x892e9e24aea3f27f4c6e9360e312cce93cc98ebe,1999.994,EOA,EOA
2021-09-24 11:30:02+00:00,0x66882c005188f0f4d95825ed7a7f78ed3055f167,0xfa9a30350048b2bf66865ee20363067c66f67e58,300.0,EOA,Contract
2021-09-24 11:30:45+00:00,0xc098b2a3aa256d2140208c3de6543aaef5cd3a94,0xdb68780f8b959ac7ecaf9b132c1bbdc883f101a2,1457.0,EOA,Contract
2021-09-24 11:30:58+00:00,0xc098b2a3aa256d2140208c3de6543aaef5cd3a94,0xdb68780f8b959ac7ecaf9b132c1bbdc883f101a2,2502.0,EOA,Contract
2021-09-24 11:30:58+00:00,0x93e41719f07fa382d398fbd8dd6125733636683b,0x851cf9b161d695914cd248f7db60ea4d4b68b449,40.0,EOA,Contract
2021-09-24 11:31:32+00:00,0x3616a455750c1cb90949978f7102271f37b6216a,0x28c6c06298d514db089934071355e5743bf21d60,300.01181,EOA,EOA
2021-09-24 11:31:32+00:00,0xe5782724e87bcd5a1f48737ff6cfeaf875ab5873,0x28c6c06298d514db089934071355e5743bf21d60,3799.726291973,EOA,EOA
2021-09-24 11:31:32+00:00,0x22f1e4fa15c3c1dda5264234117975eaaca1fdf2,0x28c6c06298d514db089934071355e5743bf21d60,588.205858,EOA,EOA
2021-09-24 11:31:32+00:00,0x73f9b272abda7a97cb1b237d85f9a7236edb6f16,0x28c6c06298d514db089934071355e5743bf21d60,429.574355754,EOA,EOA
2021-09-24 11:31:32+00:00,0x5aa984ec6b03a29a51511cea239a88ff21ca62e6,0x28c6c06298d514db089934071355e5743bf21d60,499.98001168492937,EOA,EOA
2021-09-24 11:31:42+00:00,0x892e9e24aea3f27f4c6e9360e312cce93cc98ebe,0x28c6c06298d514db089934071355e5743bf21d60,3156.961102292,EOA,EOA
2021-09-24 11:31:42+00:00,0x5077bad139cde8e7865a9f6d4c147c21bb13828e,0x28c6c06298d514db089934071355e5743bf21d60,709.995083353,EOA,EOA
2021-09-24 11:31:47+00:00,0x72aafba75261a7b29fa65d79cae1ec10cf41538d,0x28c6c06298d514db089934071355e5743bf21d60,214.3916668,EOA,EOA
2021-09-24 11:32:00+00:00,0xac844b604d6c600fbe55c4383a6d87920b46a160,0xd9e1ce17f2641f24ae83637ab66a2cca9c378b9f,30.31582946828309,EOA,Contract
2021-09-24 11:32:28+00:00,0x9250b9b5c67618b4753abfa3ee52bc7a13e2b814,0x11111112542d85b3ef69ae05771c2dccff4faa26,420.0,EOA,Contract
2021-09-24 11:32:38+00:00,0x9245175fdb2ac373ddf94f4bf50a68f4f5836998,0x06987e87df650260d11c961a5925b08145570de9,210.0,EOA,EOA
2021-09-24 11:32:42+00:00,0xf66852bc122fd40bfecc63cd48217e88bda12109,0xe5782724e87bcd5a1f48737ff6cfeaf875ab5873,999.9444,EOA,EOA
2021-09-24 11:32:42+00:00,0x73f8fc2e74302eb2efda125a326655acf0dc2d1b,0xa93ef39a6b51a81a9b60bc65a2565e425c2a1a6a,250.0,EOA,EOA
2021-09-24 11:32:59+00:00,0x1c7aa50e8eedd38b8b1a777383aa91c0c7e5d62a,0x0279c0eaeb06602d2a3d21aa39af3f708e353e4c,499.91250729707525,EOA,EOA
2021-09-24 11:33:53+00:00,0x58f56615180a8eea4c462235d9e215f72484b4a3,0x5f397b62502e255f68382791947d54c4b2d37f09,4059.79049909,EOA,EOA
2021-09-24 11:33:53+00:00,0x568b47030b2bff3e49fbfc7f1ec5e270de0a28a6,0xe592427a0aece92de3edee1f18e0157c05861564,75.0,EOA,Contract
2021-09-24 11:34:37+00:00,0xc803698a4be31f0b9035b6eba17623698f3e2f82,0x7a250d5630b4cf539739df2c5dacb4c659f2488d,100.0,EOA,Contract
2021-09-24 11:35:00+00:00,0x42ae1d6a320e93f119d6f136912cfa12f0799b8a,0x50706d6e85a31bbc165822196d172466428b110e,120.0,EOA,Contract
2021-09-24 11:35:00+00:00,0xa93ef39a6b51a81a9b60bc65a2565e425c2a1a6a,0x876eabf441b2ee5b5b0554fd502a8e0600950cfa,249.99807744,EOA,EOA
2021-09-24 11:35:32+00:00,0x05ac7f52ee8824744c7003152c56c3115dfc3062,0xc36442b4a4522e871399cd717abdd847ab11fe88,72.60550105489557,EOA,Contract
2021-09-24 11:35:38+00:00,0x7f825bd2dcf3b139d476138df8b5eb6c48a6916c,0x11111112542d85b3ef69ae05771c2dccff4faa26,100.0,EOA,Contract
2021-09-24 11:35:38+00:00,0xa7efae728d2936e78bda97dc267687568dd593f3,0xd628f7c481c7dd87f674870bec5d7a311fb1d9a2,169.444,EOA,EOA
2021-09-24 11:36:00+00:00,0x308e78bf7848863bf75a1eb93bbd2b64da7da2c5,0xe592427a0aece92de3edee1f18e0157c05861564,43.48,EOA,Contract
2021-09-24 11:36:00+00:00,0xc803698a4be31f0b9035b6eba17623698f3e2f82,0x7a250d5630b4cf539739df2c5dacb4c659f2488d,100.0,EOA,Contract
2021-09-24 11:36:00+00:00,0x56eddb7aa87536c09ccc2793473599fd21a8b17f,0xe3063366671017e9d479e3c0b3a75d98246ef91b,200.0,EOA,EOA
2021-09-24 11:37:35+00:00,0x5338035c008ea8c4b850052bc8dad6a33dc2206c,0xcc9a0b7c43dc2a5f023bb9b738e45b0ef6b06e04,53.0,EOA,Contract
2021-09-24 11:37:35+00:00,0x19c0cd1acf1a98c0b5905ce5976628c1a618b675,0x5b990c664ae7e759763acfec76e11c289c53be77,217.2755097266738,EOA,EOA
2021-09-24 11:37:45+00:00,0x185d305a2451e5ef7fd301f3d5aa0c0275fd2bf7,0x03f34be1bf910116595db1b11e9d1b2ca5d59659,80.473,EOA,Contract
2021-09-24 11:37:57+00:00,0x28c6c06298d514db089934071355e5743bf21d60,0x6594c9a52ecceb4189ac859210b3d1073813c3e4,299.855,EOA,EOA
2021-09-24 11:37:57+00:00,0xb8001c3ec9aa1985f6c747e25c28324e4a361ec1,0xa96004c818afd27d4f616355f83d77b348d02696,200.426411,EOA,EOA
2021-09-24 11:38:28+00:00,0xec1f0292ba23cf2b697b48a4fc886b54cfbea5f4,0xcc9a0b7c43dc2a5f023bb9b738e45b0ef6b06e04,31.0,EOA,Contract
2021-09-24 11:38:28+00:00,0x73f8fc2e74302eb2efda125a326655acf0dc2d1b,0x19379a92a61fe2fcf7571c84e44f6fe9df57932d,295.996,EOA,EOA
2021-09-24 11:39:32+00:00,0x53b2d6642be5f5b0be73c9845971b3ec5e7ad4e1,0xcc9a0b7c43dc2a5f023bb9b738e45b0ef6b06e04,60.0,EOA,Contract
2021-09-24 11:39:32+00:00,0xfd151623320c5e3a352b7098f8cfa86b6bf2ee6b,0xe592427a0aece92de3edee1f18e0157c05861564,39.5,EOA,Contract
2021-09-24 11:40:15+00:00,0x6312c79e1816f3198a4e90c82be04725ff60bf89,0x722122df12d4e14e13ac3b6895a86e84145b6967,100.0,EOA,Contract
2021-09-24 11:40:15+00:00,0x6c2d992b7739dfb363a473cc4f28998b7f1f6de2,0xc02aaa39b223fe8d0a0e5c4f27ead9083c756cc2,108.74507656947864,EOA,Contract
2021-09-24 11:41:15+00:00,0xfbb1b73c4f0bda4f67dca266ce6ef42f520fbb98,0x8afd8542540a2c5ce26d01ac3ae6cc1e9c32568f,193.9949,EOA,EOA
2021-09-24 11:41:15+00:00,0x9787ffbd8ac920317ba43333913419f14489aa5f,0xa57bd00134b2850b2a1c55860c9e9ea100fdd6cf,40.00353149269676,EOA,Contract
2021-09-24 11:41:24+00:00,0x62f28a6a72ad1fb1f5792dda34b3f507c7445ea4,0x03f34be1bf910116595db1b11e9d1b2ca5d59659,90.8796,EOA,Contract
2021-09-24 11:41:52+00:00,0x267be1c1d684f78cb4f6a176c4911b741e4ffdc0,0xedc7001e99a37c3d23b5f7974f837387e09f9c93,1625.9965,EOA,EOA
2021-09-24 11:41:52+00:00,0xbb431c391ce885cfc03faa32c16774bc37abb050,0x11111112542d85b3ef69ae05771c2dccff4faa26,179.02400192161608,EOA,Contract
2021-09-24 11:42:52+00:00,0x6312c79e1816f3198a4e90c82be04725ff60bf89,0x722122df12d4e14e13ac3b6895a86e84145b6967,100.0,EOA,Contract
2021-09-24 11:42:59+00:00,0xeb2629a2734e272bcc07bda959863f316f4bd4cf,0xf79a1844e66e4f89d755bc99941078dff4e99218,387.4867673484182,EOA,EOA
2021-09-24 11:42:59+00:00,0xeb2629a2734e272bcc07bda959863f316f4bd4cf,0x6eed126ddc44bbfa72701eb666be102bce17bfc9,208.54197207712096,EOA,EOA
2021-09-24 11:42:59+00:00,0xeb2629a2734e272bcc07bda959863f316f4bd4cf,0xf79a1844e66e4f89d755bc99941078dff4e99218,387.4867673484182,EOA,EOA
2021-09-24 11:43:07+00:00,0x3cd751e6b0078be393132286c442345e5dc49699,0xf79a1844e66e4f89d755bc99941078dff4e99218,387.4867673484182,EOA,EOA
2021-09-24 11:43:07+00:00,0x3cd751e6b0078be393132286c442345e5dc49699,0xf79a1844e66e4f89d755bc99941078dff4e99218,387.4867673484182,EOA,EOA
2021-09-24 11:43:09+00:00,0xedc7001e99a37c3d23b5f7974f837387e09f9c93,0xeb2629a2734e272bcc07bda959863f316f4bd4cf,1625.9957878190392,EOA,EOA
2021-09-24 11:44:40+00:00,0x8584dcb28d318a30c37b1b1bfab566858147e7d9,0xb47e3cd837ddf8e4c57f05d70ab865de6e193bbb,125.0,EOA,Contract
2021-09-24 11:44:40+00:00,0xddfabcdc4d8ffc6d5beaf154f18b778f892a0740,0x263a56e866f3e76a7174e5e5160f45fc25df8453,151.0,EOA,EOA
2021-09-24 11:45:00+00:00,0xb8ac63a0f6205f455ba10796aec5ed56e841d961,0xe592427a0aece92de3edee1f18e0157c05861564,43.18681999804905,EOA,Contract
2021-09-24 11:45:00+00:00,0xe8a1fcc1d150804327df1607f009ef824468c428,0x8b3b114a54bba0637afd11cec812af70485ea1ef,80.0,EOA,Contract
2021-09-24 11:45:23+00:00,0x0577a79cfc63bbc0df38833ff4c4a3bf2095b404,0x9155a0adf43fb8827ab8c1c2fa85ad7635e2e300,580.0,EOA,EOA
2021-09-24 11:46:15+00:00,0xd141826507aec8e00beb0657434692870199ee2e,0x0548f59fee79f8832c299e01dca5c76f034f558e,75000.0,EOA,EOA
2021-09-24 11:46:15+00:00,0x85464b207d7c1fce8da13d2f3d950c796e399a9c,0x9d9a09db56c58a6619670b3926ab8351e94e78dd,1754.998446,EOA,EOA
2021-09-24 11:46:40+00:00,0x9155a0adf43fb8827ab8c1c2fa85ad7635e2e300,0xa7efae728d2936e78bda97dc267687568dd593f3,580.00476335,EOA,EOA
2021-09-24 11:46:40+00:00,0xc098b2a3aa256d2140208c3de6543aaef5cd3a94,0xa2328fa9a3a99e120ba9d4ef2ee5a989f8e00979,299.998287,EOA,EOA
2021-09-24 11:46:51+00:00,0xd553294b42bdfeb49d8f5a64e8b2d3a65fc673a9,0x2f3437c6bf500dd985c154ed01ef6507811d68f4,700.0,EOA,Contract
2021-09-24 11:46:51+00:00,0xfe51c1bbb0147955d186f0a7ef8c9889b85ecdb1,0xb47e3cd837ddf8e4c57f05d70ab865de6e193bbb,108.0,EOA,Contract
2021-09-24 11:46:51+00:00,0x28c6c06298d514db089934071355e5743bf21d60,0xe3792a9c235d434b702023b33f03c48c41631090,251.23301023,EOA,EOA
2021-09-24 11:47:35+00:00,0xf66852bc122fd40bfecc63cd48217e88bda12109,0xc333e80ef2dec2805f239e3f1e810612d294f771,341.0,EOA,EOA
2021-09-24 11:47:35+00:00,0x2d1194e75b408c9395a8bbbedc0079322b62c0a4,0xc02aaa39b223fe8d0a0e5c4f27ead9083c756cc2,33.05,EOA,Contract
2021-09-24 11:47:35+00:00,0x56eddb7aa87536c09ccc2793473599fd21a8b17f,0x6594c9a52ecceb4189ac859210b3d1073813c3e4,299.865,EOA,EOA
2021-09-24 11:47:35+00:00,0x263a56e866f3e76a7174e5e5160f45fc25df8453,0xc02aaa39b223fe8d0a0e5c4f27ead9083c756cc2,150.0,EOA,Contract
2021-09-24 11:47:35+00:00,0x9d9a09db56c58a6619670b3926ab8351e94e78dd,0xc098b2a3aa256d2140208c3de6543aaef5cd3a94,1754.99580063,EOA,EOA
2021-09-24 11:48:03+00:00,0x12ef97e205cd3de60fb1c1e073403277be080fea,0xfa52274dd61e1643d2205169732f29114bc240b3,54.8821918700629,EOA,Contract
2021-09-24 11:48:03+00:00,0x9b5aaa36aa32399549e2706d1cd3beb164454046,0xb47e3cd837ddf8e4c57f05d70ab865de6e193bbb,118.9,EOA,Contract
2021-09-24 11:48:03+00:00,0xe129188380d48fa09a6a89ac91adc761afdc1612,0xfa52274dd61e1643d2205169732f29114bc240b3,105.2823608663827,EOA,Contract
2021-09-24 11:48:34+00:00,0x3cd751e6b0078be393132286c442345e5dc49699,0xcbd878aa56be30cbe25dd042ed10fa3336bc049a,508.5129,EOA,EOA
2021-09-24 11:48:51+00:00,0xe3063366671017e9d479e3c0b3a75d98246ef91b,0x1bf68a9d1eaee7826b3593c20a0ca93293cb489a,200.0,EOA,Contract
2021-09-24 11:49:05+00:00,0xa7efae728d2936e78bda97dc267687568dd593f3,0x6f988506ebbf753000ab0569b1e5dcfa194a3afe,171.496,EOA,EOA
2021-09-24 11:49:05+00:00,0x56eddb7aa87536c09ccc2793473599fd21a8b17f,0xa0c31cbba87f2eee36db977663d357291bdb7dc1,398.41010266,EOA,EOA
2021-09-24 11:49:33+00:00,0xcbd878aa56be30cbe25dd042ed10fa3336bc049a,0xc098b2a3aa256d2140208c3de6543aaef5cd3a94,508.510788345,EOA,EOA
2021-09-24 11:49:50+00:00,0x57b9cb2183e7eb705513c2383d84075ac9107673,0x002471c86e9e97d393d84bddfa7d555a7fa2917a,200.07989479823922,EOA,EOA
2021-09-24 11:50:49+00:00,0x86f3bd96d6eaf4591c4414867b8695bc533c42dc,0x1149e9143c407f3be1df24c463e48963c6de1715,1365.538283,EOA,EOA
2021-09-24 11:50:49+00:00,0xd553294b42bdfeb49d8f5a64e8b2d3a65fc673a9,0xae7ab96520de3a18e5e111b5eaab095312d7fe84,290.0,EOA,Contract
2021-09-24 11:50:49+00:00,0xa7efae728d2936e78bda97dc267687568dd593f3,0x683faa3bc88327c842bdb63b65fd13cc59d05da5,169.0,EOA,EOA
2021-09-24 11:50:49+00:00,0xf66852bc122fd40bfecc63cd48217e88bda12109,0x0e630dc7ba2de34887ac7173f9d480070c810526,354.45768133,EOA,EOA
2021-09-24 11:51:20+00:00,0xa7efae728d2936e78bda97dc267687568dd593f3,0x6b06eb7aef2d2515cc2385f141154fc266057fb8,450.0,EOA,Contract
2021-09-24 11:51:20+00:00,0xf66852bc122fd40bfecc63cd48217e88bda12109,0xf584f8728b874a6a5c7a8d4d387c9aae9172d621,365.0,EOA,EOA
2021-09-24 11:51:20+00:00,0x97f3b366a85e0b965ba28c6d3b639d4d82e811b3,0x11bcc93187b6cae9e6c960c63c2cb6de369ed08f,167.79740606222055,EOA,EOA
2021-09-24 11:51:20+00:00,0x624abe309bc868a332eed8ee3a95260a0004f2f3,0xefb2e870b14d7e555a31b392541acf002dae6ae9,999.997963,EOA,EOA
2021-09-24 11:51:20+00:00,0x0279c0eaeb06602d2a3d21aa39af3f708e353e4c,0xa95f2ce82294ee8596abc7411f25d89d840265f4,500.00991335929575,EOA,EOA
2021-09-24 11:51:20+00:00,0x005abeddceaa4f22849da5c7b8028b33326616db,0xefb2e870b14d7e555a31b392541acf002dae6ae9,499.997963,EOA,EOA
2021-09-24 11:52:12+00:00,0xa7efae728d2936e78bda97dc267687568dd593f3,0x84b38bc60f3bd82640ecefa320dab2be62e2da15,440.0,EOA,EOA
2021-09-24 11:52:35+00:00,0x73f8fc2e74302eb2efda125a326655acf0dc2d1b,0x892e9e24aea3f27f4c6e9360e312cce93cc98ebe,300.0,EOA,EOA
2021-09-24 11:52:37+00:00,0x84b38bc60f3bd82640ecefa320dab2be62e2da15,0xfa52274dd61e1643d2205169732f29114bc240b3,439.996917581975,EOA,Contract
2021-09-24 11:52:37+00:00,0x12ef97e205cd3de60fb1c1e073403277be080fea,0xfa52274dd61e1643d2205169732f29114bc240b3,52.062004182620065,EOA,Contract
2021-09-24 11:52:37+00:00,0x683faa3bc88327c842bdb63b65fd13cc59d05da5,0x876eabf441b2ee5b5b0554fd502a8e0600950cfa,168.99765621,EOA,EOA
2021-09-24 11:52:37+00:00,0xa7efae728d2936e78bda97dc267687568dd593f3,0xd971aaa92648db32d5975e172ff3b7936f43892f,431.0,EOA,EOA
2021-09-24 11:52:37+00:00,0xe8a1fcc1d150804327df1607f009ef824468c428,0x8b3b9c2099030d4d604159cecaa838bfc9dea1ef,80.0,EOA,Contract
2021-09-24 11:53:12+00:00,0xc098b2a3aa256d2140208c3de6543aaef5cd3a94,0x345d8e3a1f62ee6b1d483890976fd66168e390f2,162.15,EOA,EOA
2021-09-24 11:53:31+00:00,0xc098b2a3aa256d2140208c3de6543aaef5cd3a94,0xca3ac4f946b997db24515a7ae7779f2e587d5a26,170.9,EOA,EOA
2021-09-24 11:53:38+00:00,0xd971aaa92648db32d5975e172ff3b7936f43892f,0xfa52274dd61e1643d2205169732f29114bc240b3,430.99705847105946,EOA,Contract
2021-09-24 11:54:14+00:00,0xf584f8728b874a6a5c7a8d4d387c9aae9172d621,0x1d22397edfc4edf622d692050635bfc1febf1404,900.9,EOA,EOA
2021-09-24 11:54:54+00:00,0xc333e80ef2dec2805f239e3f1e810612d294f771,0xf8d8682604118c7a4101e06b0ff5c8d0befc8652,500.0,EOA,EOA
2021-09-24 11:54:54+00:00,0x9696f59e4d72e237be84ffd425dcad154bf96976,0x6594c9a52ecceb4189ac859210b3d1073813c3e4,299.845,EOA,EOA
2021-09-24 11:55:08+00:00,0x4a88ba806115b0a1a3c6219a52ecc2db51dc16f9,0xd9e1ce17f2641f24ae83637ab66a2cca9c378b9f,31.868573422980308,EOA,Contract
2021-09-24 11:55:08+00:00,0xca3ac4f946b997db24515a7ae7779f2e587d5a26,0xddfabcdc4d8ffc6d5beaf154f18b778f892a0740,170.8978061694171,EOA,EOA
2021-09-24 11:55:08+00:00,0x96fa016518d651bf3d333c2b2f740acb11219712,0xa0dc5bcefddce5c369fa5707ab445ec0906e76ce,200.0,EOA,EOA
2021-09-24 11:55:30+00:00,0x0d0707963952f2fba59dd06f2b425ace40b492fe,0xca3ac4f946b997db24515a7ae7779f2e587d5a26,786.9921,EOA,EOA
2021-09-24 11:55:57+00:00,0xf66852bc122fd40bfecc63cd48217e88bda12109,0x310962d9a743f1d9f153743b90b2121e040b42d8,449.996,EOA,EOA
2021-09-24 11:56:16+00:00,0x3dac271d1b36a434880c527a678b6487ac9c1f8c,0xe592427a0aece92de3edee1f18e0157c05861564,253.0,EOA,Contract
2021-09-24 11:57:10+00:00,0x12ef97e205cd3de60fb1c1e073403277be080fea,0xfa52274dd61e1643d2205169732f29114bc240b3,41.15195011719761,EOA,Contract
2021-09-24 11:57:43+00:00,0xc44622efe9f7b4c880e563548148810b9ce0cdb4,0xc02aaa39b223fe8d0a0e5c4f27ead9083c756cc2,40.0,EOA,Contract
2021-09-24 11:57:43+00:00,0xc333e80ef2dec2805f239e3f1e810612d294f771,0x8a46b5dd6e1aa09619245ff386cff5a624cddddb,480.1,EOA,Contract
2021-09-24 11:58:12+00:00,0x775842eeede73f443b06744f8cc98ac4011ef62a,0x4ddc2d193948926d02f9b1fe9e1daa0718270ed5,300.0,EOA,Contract
2021-09-24 11:58:20+00:00,0x7f825bd2dcf3b139d476138df8b5eb6c48a6916c,0x7931cb92c651f6a0c3cd5d5d188acad92c0bec51,214.0,EOA,EOA
2021-09-24 11:58:20+00:00,0xca3ac4f946b997db24515a7ae7779f2e587d5a26,0xddfabcdc4d8ffc6d5beaf154f18b778f892a0740,786.9914975654158,EOA,EOA
2021-09-24 11:58:29+00:00,0x57a1290bb834644cd65dfa7dc257054a502e2893,0xc02aaa39b223fe8d0a0e5c4f27ead9083c756cc2,50.1,EOA,Contract
2021-09-24 11:58:29+00:00,0xbecb0c28c4a9358e987c2916dc088df12374f036,0xe592427a0aece92de3edee1f18e0157c05861564,140.93818834265534,EOA,Contract
2021-09-24 11:58:29+00:00,0x28c6c06298d514db089934071355e5743bf21d60,0xd06a4422f09b4ab848be95d3ff145a3de8591917,999.995,EOA,EOA
2021-09-24 11:58:57+00:00,0x0e630dc7ba2de34887ac7173f9d480070c810526,0xd9e1ce17f2641f24ae83637ab66a2cca9c378b9f,50.0,EOA,Contract
2021-09-24 11:59:28+00:00,0xc333e80ef2dec2805f239e3f1e810612d294f771,0x5077bad139cde8e7865a9f6d4c147c21bb13828e,340.0,EOA,EOA
2021-09-24 12:00:05+00:00,0x4a42cfe6e8a9aab1a12920248134ffe50b9592b0,0xd3fb8ed107ecc111c9ddb73729ab044faceb6864,744.0,EOA,EOA
2021-09-24 12:00:06+00:00,0x986a2fca9eda0e06fbf7839b89bfc006ee2a23dd,0x310962d9a743f1d9f153743b90b2121e040b42d8,229.99,EOA,EOA
2021-09-24 12:00:06+00:00,0xa0dc5bcefddce5c369fa5707ab445ec0906e76ce,0xcc9a0b7c43dc2a5f023bb9b738e45b0ef6b06e04,200.0,EOA,Contract
2021-09-24 12:00:18+00:00,0xf66852bc122fd40bfecc63cd48217e88bda12109,0x30ece74b61eaf94450635b3e2dd4a2d9f0bd335b,508.12109674,EOA,EOA
2021-09-24 12:00:18+00:00,0x826df0e09b41a0cc918a8eb51da7b331bfe94b68,0xd51b5cf6dbfa70136d1ef6240ee01d1912c0474b,358.72296227,EOA,EOA
2021-09-24 12:00:18+00:00,0x73517730059c2d2b39ae5f1f619111e49c4c508b,0x77ce225ca36dc3f4a9d73ad61b24f81d757c3b37,170.20292227535543,EOA,EOA
2021-09-24 12:00:18+00:00,0xcdac3504e4f3a87199a98a5214245c4e09a86bbe,0x6254b927ecc25ddd233aaecd5296d746b1c006b4,699.99854991138,EOA,EOA
2021-09-24 12:00:18+00:00,0xfe51c1bbb0147955d186f0a7ef8c9889b85ecdb1,0xb47e3cd837ddf8e4c57f05d70ab865de6e193bbb,108.0,EOA,Contract
2021-09-24 12:01:13+00:00,0x5ab9d116a53ef41063e3eae26a7ebe736720e9ba,0xc02aaa39b223fe8d0a0e5c4f27ead9083c756cc2,44.030354408880996,EOA,Contract
2021-09-24 12:01:27+00:00,0x7f825bd2dcf3b139d476138df8b5eb6c48a6916c,0x11111112542d85b3ef69ae05771c2dccff4faa26,100.0,EOA,Contract
2021-09-24 12:01:59+00:00,0x310962d9a743f1d9f153743b90b2121e040b42d8,0x28c6c06298d514db089934071355e5743bf21d60,679.984761,EOA,EOA
2021-09-24 12:01:59+00:00,0x9696f59e4d72e237be84ffd425dcad154bf96976,0xdf79d778e6e1dfbd2e07bf81dfde830cf7e4225c,450.0,EOA,EOA
2021-09-24 12:01:59+00:00,0x73f9b272abda7a97cb1b237d85f9a7236edb6f16,0x28c6c06298d514db089934071355e5743bf21d60,250.727053164,EOA,EOA
2021-09-24 12:01:59+00:00,0x06987e87df650260d11c961a5925b08145570de9,0x28c6c06298d514db089934071355e5743bf21d60,215.57622,EOA,EOA
2021-09-24 12:01:59+00:00,0xa2328fa9a3a99e120ba9d4ef2ee5a989f8e00979,0x28c6c06298d514db089934071355e5743bf21d60,300.000928736,EOA,EOA
2021-09-24 12:01:59+00:00,0x191e79f3031a6523bf96b8571469d6d54be8aff2,0xdef1c0ded9bec7f1a1670819833240f027b25eff,42.0,EOA,Contract
2021-09-24 12:01:59+00:00,0x892e9e24aea3f27f4c6e9360e312cce93cc98ebe,0x28c6c06298d514db089934071355e5743bf21d60,299.981819156,EOA,EOA
2021-09-24 12:01:59+00:00,0x0e630dc7ba2de34887ac7173f9d480070c810526,0xd9e1ce17f2641f24ae83637ab66a2cca9c378b9f,50.0,EOA,Contract
2021-09-24 12:01:59+00:00,0x1ffd39aafb3d87a8a55179fb8a3c88c8a615dd1c,0x4ad64983349c49defe8d7a4686202d24b25d0ce8,150.97624961,EOA,EOA
2021-09-24 12:01:59+00:00,0x19379a92a61fe2fcf7571c84e44f6fe9df57932d,0x28c6c06298d514db089934071355e5743bf21d60,295.980421424,EOA,EOA
2021-09-24 12:01:59+00:00,0xe5782724e87bcd5a1f48737ff6cfeaf875ab5873,0x28c6c06298d514db089934071355e5743bf21d60,999.929351652,EOA,EOA
2021-09-24 12:03:30+00:00,0x55242ce8dbe4584d59ae7012fe94beaa0c88b6fb,0x4ddc2d193948926d02f9b1fe9e1daa0718270ed5,50.0,EOA,Contract
2021-09-24 12:03:54+00:00,0x3dac271d1b36a434880c527a678b6487ac9c1f8c,0xe592427a0aece92de3edee1f18e0157c05861564,240.0,EOA,Contract
2021-09-24 12:03:54+00:00,0xd3fb8ed107ecc111c9ddb73729ab044faceb6864,0x3c979fb790c86e361738ed17588c1e8b4c4cc49a,744.004183623,EOA,EOA
2021-09-24 12:04:08+00:00,0x27e9f4748a2eb776be193a1f7dec2bb6daafe9cf,0x2c13946c3e0b16719f925d95483f37b08708787c,162.436,EOA,EOA
2021-09-24 12:04:09+00:00,0x9696f59e4d72e237be84ffd425dcad154bf96976,0x6594c9a52ecceb4189ac859210b3d1073813c3e4,299.825,EOA,EOA
2021-09-24 12:04:49+00:00,0x7f825bd2dcf3b139d476138df8b5eb6c48a6916c,0x11111112542d85b3ef69ae05771c2dccff4faa26,100.0,EOA,Contract
2021-09-24 12:05:13+00:00,0xc803698a4be31f0b9035b6eba17623698f3e2f82,0x7a250d5630b4cf539739df2c5dacb4c659f2488d,100.0,EOA,Contract
2021-09-24 12:05:13+00:00,0xf8d8682604118c7a4101e06b0ff5c8d0befc8652,0x022ae2476193d48287ada036f6e91de3784beee9,300.0,EOA,EOA
2021-09-24 12:05:55+00:00,0xf66852bc122fd40bfecc63cd48217e88bda12109,0xe5782724e87bcd5a1f48737ff6cfeaf875ab5873,499.9696,EOA,EOA
2021-09-24 12:06:14+00:00,0xc6ad5359f391e11a55317a849f4537c0269b983a,0xef04c54325da842e7e077032172d654147b8bbd9,427.0,EOA,EOA
2021-09-24 12:06:14+00:00,0x7931cb92c651f6a0c3cd5d5d188acad92c0bec51,0x3c979fb790c86e361738ed17588c1e8b4c4cc49a,214.008074458,EOA,EOA
2021-09-24 12:06:18+00:00,0x73f8fc2e74302eb2efda125a326655acf0dc2d1b,0x7f825bd2dcf3b139d476138df8b5eb6c48a6916c,199.996,EOA,EOA
2021-09-24 12:06:45+00:00,0xd4ee4919fb37f2bb970c3fff54aaf1f3dda6c03f,0xc36442b4a4522e871399cd717abdd847ab11fe88,800.0,EOA,Contract
2021-09-24 12:06:45+00:00,0x1b7a2aa41d255145152ce6ecc2b12250e5f4418a,0xfa52274dd61e1643d2205169732f29114bc240b3,49.99723578371922,EOA,Contract
2021-09-24 12:06:45+00:00,0x7f825bd2dcf3b139d476138df8b5eb6c48a6916c,0x11111112542d85b3ef69ae05771c2dccff4faa26,100.0,EOA,Contract
2021-09-24 12:07:16+00:00,0xdfd5293d8e347dfe59e90efd55b2956a1343963d,0x7d021ab11d7edd7c629c91127cb4f62619805816,699.995,EOA,EOA
2021-09-24 12:07:16+00:00,0xaa3c5b51eaff1c73107d0427852f4e7ee8a4af12,0xa0c68c638235ee32657e8f720a23cec1bfc77c77,100.0,EOA,Contract
2021-09-24 12:07:16+00:00,0xe531fdd181b44f211f5c328b516c182e2f29f54c,0xfa52274dd61e1643d2205169732f29114bc240b3,49.996693693465645,EOA,Contract
2021-09-24 12:07:16+00:00,0x1149e9143c407f3be1df24c463e48963c6de1715,0x27e9f4748a2eb776be193a1f7dec2bb6daafe9cf,1365.556706425,EOA,EOA
2021-09-24 12:07:58+00:00,0x7f825bd2dcf3b139d476138df8b5eb6c48a6916c,0x11111112542d85b3ef69ae05771c2dccff4faa26,100.0,EOA,Contract
2021-09-24 12:07:58+00:00,0x85c0d1110c57a329ccd6cc91e50fb4666f2287c3,0x00c8e5c048b87eddb494b539730b89750e6741c9,400.0,EOA,EOA
2021-09-24 12:08:26+00:00,0x7d021ab11d7edd7c629c91127cb4f62619805816,0xa7efae728d2936e78bda97dc267687568dd593f3,700.01029765,EOA,EOA
2021-09-24 12:08:51+00:00,0x85c0d1110c57a329ccd6cc91e50fb4666f2287c3,0xb77c64a1fd89d57e0f26e1a5c0a4d5934ad84350,175.0,EOA,EOA
2021-09-24 12:09:00+00:00,0x73f8fc2e74302eb2efda125a326655acf0dc2d1b,0x7f825bd2dcf3b139d476138df8b5eb6c48a6916c,199.996,EOA,EOA
2021-09-24 12:10:03+00:00,0xc803698a4be31f0b9035b6eba17623698f3e2f82,0x7a250d5630b4cf539739df2c5dacb4c659f2488d,100.0,EOA,Contract
2021-09-24 12:10:22+00:00,0x00c8e5c048b87eddb494b539730b89750e6741c9,0x3cd751e6b0078be393132286c442345e5dc49699,399.99807580449817,EOA,EOA
2021-09-24 12:10:39+00:00,0x5ebb65afa7b72aa6dadb7e83671d7756c0eceff9,0x11111112542d85b3ef69ae05771c2dccff4faa26,30.0,EOA,Contract
2021-09-24 12:10:39+00:00,0xb46b22dc3387756a448552379a37a682db3d0b2e,0x2a4b9acdb225675a3703bf770d794c6bde4017eb,211.85,EOA,Contract
2021-09-24 12:12:08+00:00,0x3a7e63fae8efa9408ac8dfb988808bb86674bde5,0xf6551c22276b9bf62fad09f6bd6cad0264b89789,44.20775343254364,EOA,Contract
2021-09-24 12:12:16+00:00,0xb5d85cbf7cb3ee0d56b3bb207d5fc4b82f43f511,0xf79a1844e66e4f89d755bc99941078dff4e99218,388.8532874291553,EOA,EOA
2021-09-24 12:12:16+00:00,0xddfabcdc4d8ffc6d5beaf154f18b778f892a0740,0xf79a1844e66e4f89d755bc99941078dff4e99218,169.88906927371428,EOA,EOA
2021-09-24 12:13:33+00:00,0x30d022f2aee325ab975f3b4565aaf1e18cb97799,0xf85e3bb2280a5431e86f642726bccc6992eafa4f,20000.0,EOA,EOA
2021-09-24 12:13:45+00:00,0x0d0707963952f2fba59dd06f2b425ace40b492fe,0x8afd8542540a2c5ce26d01ac3ae6cc1e9c32568f,177.989,EOA,EOA
2021-09-24 12:14:01+00:00,0x5c66fa36978803eb832edd8e7d06efbd703ba70e,0x7a250d5630b4cf539739df2c5dacb4c659f2488d,35.6,EOA,Contract
2021-09-24 12:14:01+00:00,0x6594c9a52ecceb4189ac859210b3d1073813c3e4,0x4ad64983349c49defe8d7a4686202d24b25d0ce8,1499.243257,EOA,EOA
2021-09-24 12:15:08+00:00,0x58f56615180a8eea4c462235d9e215f72484b4a3,0x3be3b269ed5021f58aedf2c0deeae6c4ab779866,90.0,EOA,Contract
2021-09-24 12:15:29+00:00,0xf413afd2992dc52c27d0cb5467cc4909ad7b3e25,0xb47e3cd837ddf8e4c57f05d70ab865de6e193bbb,100.0,EOA,Contract
2021-09-24 12:15:35+00:00,0xa12431d0b9db640034b0cdfceef9cce161e62be4,0x59a5208b32e627891c389ebafc644145224006e8,150.0,EOA,EOA
2021-09-24 12:18:05+00:00,0xd06a4422f09b4ab848be95d3ff145a3de8591917,0xc02aaa39b223fe8d0a0e5c4f27ead9083c756cc2,999.395,EOA,Contract
2021-09-24 12:18:21+00:00,0x0000f079e68bbcc79ab9600ace786b0a4db1c83c,0x4f3a120e72c76c22ae802d129f599bfdbc31cb81,33.1,EOA,Contract
2021-09-24 12:18:45+00:00,0xeb2629a2734e272bcc07bda959863f316f4bd4cf,0xa96004c818afd27d4f616355f83d77b348d02696,319.701533,EOA,EOA
2021-09-24 12:19:10+00:00,0xb06cf21bb0a6d0de5304827b8176e884f635b7c0,0x10d15dea67f7c95e2f9fe4ecc245a8862b9b5b96,222.1,EOA,Contract
2021-09-24 12:19:30+00:00,0x56178a0d5f301baf6cf3e1cd53d9863437345bf9,0xc02aaa39b223fe8d0a0e5c4f27ead9083c756cc2,159.15703608976906,EOA,Contract
2021-09-24 12:19:39+00:00,0x7b4576d06d0ce1f83f9a9b76bf8077bffd34fcb1,0x31dff0cf605f9719b9171f6049150595cc1240f1,150.0,EOA,EOA
2021-09-24 12:20:43+00:00,0xa210c6bc4cd63ac40da7d8e1bcfb6768af4c8719,0x50ed72352adaebcd6bdf2d97e7b6695a29a3aa21,301.874971732,EOA,EOA
2021-09-24 12:21:55+00:00,0xf011477305c63526ac43e3d34220bfaf9a5ac95e,0x66108e5d0b4e9fcd603f4f2fdf292592a2c81ebb,200.0,EOA,Contract
2021-09-24 12:21:55+00:00,0x2957321c605d34b5e2907d8cf42bfc573077eb66,0xdef171fe48cf0115b1d80b88dc8eab59176fee57,100.0,EOA,Contract
2021-09-24 12:22:52+00:00,0x0e630dc7ba2de34887ac7173f9d480070c810526,0xd9e1ce17f2641f24ae83637ab66a2cca9c378b9f,100.0,EOA,Contract
2021-09-24 12:23:00+00:00,0x2957321c605d34b5e2907d8cf42bfc573077eb66,0xdef171fe48cf0115b1d80b88dc8eab59176fee57,100.0,EOA,Contract
2021-09-24 12:23:00+00:00,0xf5f3436a05b5ced2490dae07b86eb5bbd02782aa,0x1db92e2eebc8e0c075a02bea49a2935bcd2dfcf4,50.87728267553906,EOA,Contract
2021-09-24 12:23:00+00:00,0xae7861c80d03826837a50b45aecf11ec677f6586,0xd9e1ce17f2641f24ae83637ab66a2cca9c378b9f,46.990202781287124,EOA,Contract
2021-09-24 12:23:48+00:00,0x0f3a529a3c1b15ee1fcddad7ff9fab13028cda07,0xcc9a0b7c43dc2a5f023bb9b738e45b0ef6b06e04,80.0,EOA,Contract
2021-09-24 12:23:48+00:00,0xdb4279a3b63335cc78666326cb1c0115e46c0058,0x4dbd4fc535ac27206064b68ffcf827b0a60bab3f,40.0,EOA,Contract
2021-09-24 12:24:31+00:00,0x2957321c605d34b5e2907d8cf42bfc573077eb66,0xdef171fe48cf0115b1d80b88dc8eab59176fee57,100.0,EOA,Contract
2021-09-24 12:24:39+00:00,0x2957321c605d34b5e2907d8cf42bfc573077eb66,0xdef171fe48cf0115b1d80b88dc8eab59176fee57,100.0,EOA,Contract
2021-09-24 12:25:10+00:00,0xae7861c80d03826837a50b45aecf11ec677f6586,0xd9e1ce17f2641f24ae83637ab66a2cca9c378b9f,32.0,EOA,Contract
2021-09-24 12:25:12+00:00,0xe815c19abef49d1a6cee179a0d03dcd950448269,0xc02aaa39b223fe8d0a0e5c4f27ead9083c756cc2,59.4200397617395,EOA,Contract
2021-09-24 12:25:12+00:00,0x9b0c45d46d386cedd98873168c36efd0dcba8d46,0xbc0d83a4a24956c603dd32edfcebf07472515351,1125.0,EOA,EOA
2021-09-24 12:25:12+00:00,0x267be1c1d684f78cb4f6a176c4911b741e4ffdc0,0xa7e38489a00e6dd16ff479638b5265cb505a9052,708.09284,EOA,EOA
2021-09-24 12:25:12+00:00,0xb8adcc8e382a7c43bdfa2e1c47059a1afec10e06,0x4df0b906def7d00aefcefb42c1964c9fd7ea694c,718.0,EOA,EOA
2021-09-24 12:26:10+00:00,0x916c048daf98533e311e5b3da46548dabe4e888c,0x03f34be1bf910116595db1b11e9d1b2ca5d59659,40.1271,EOA,Contract
2021-09-24 12:26:13+00:00,0x3c979fb790c86e361738ed17588c1e8b4c4cc49a,0x9a3c3bc9e35d6983add159927f9dae7583a9dc0a,500.006,EOA,EOA
2021-09-24 12:26:13+00:00,0x12ef97e205cd3de60fb1c1e073403277be080fea,0xfa52274dd61e1643d2205169732f29114bc240b3,39.901929742542215,EOA,Contract
2021-09-24 12:26:13+00:00,0xc098b2a3aa256d2140208c3de6543aaef5cd3a94,0x8f8dc9786154d159bc7e60966a8cdbf0cb9ada33,169.999,EOA,EOA
2021-09-24 12:26:32+00:00,0xaaf7a86f75a0f7602e6a663eed01c67d8d98f54b,0xdeb54902311dce7eb773c2c3f0f288f5f0495538,34.0,EOA,Contract
2021-09-24 12:26:32+00:00,0x5e96037e800c02583f770bbe12f736962dca93a1,0x11111112542d85b3ef69ae05771c2dccff4faa26,142.0,EOA,Contract
2021-09-24 12:27:29+00:00,0x530e0a6993ea99ffc96615af43f327225a5fe536,0xdbc2a6c355a9e9c884e295af6dfb54bb414b7304,3571.4,EOA,EOA
2021-09-24 12:27:43+00:00,0x848d47d6a68fc0ce61e234257fa7024c59d331dc,0xc02aaa39b223fe8d0a0e5c4f27ead9083c756cc2,50.696046152785584,EOA,Contract
2021-09-24 12:28:20+00:00,0x7f825bd2dcf3b139d476138df8b5eb6c48a6916c,0x7931cb92c651f6a0c3cd5d5d188acad92c0bec51,200.0,EOA,EOA
2021-09-24 12:28:20+00:00,0xae090f9d89ffa7196eb97dd3114102297a1a4a2a,0x6d21266dfcf5541bee9f67c4837aaa72b3bf9303,1616.998988823029,EOA,EOA
2021-09-24 12:28:44+00:00,0xf10f38e760e59cd29944d770c8ee15e53da068db,0x6d21266dfcf5541bee9f67c4837aaa72b3bf9303,856.3318666421986,EOA,EOA
2021-09-24 12:28:44+00:00,0x71a91c9202c8091c62c630ca2de44b333ddcd0d7,0xcc9a0b7c43dc2a5f023bb9b738e45b0ef6b06e04,400.0,EOA,Contract
2021-09-24 12:28:44+00:00,0x27e9f4748a2eb776be193a1f7dec2bb6daafe9cf,0xa93ef39a6b51a81a9b60bc65a2565e425c2a1a6a,300.0,EOA,EOA
2021-09-24 12:29:26+00:00,0x0e630dc7ba2de34887ac7173f9d480070c810526,0xd9e1ce17f2641f24ae83637ab66a2cca9c378b9f,155.0,EOA,Contract
2021-09-24 12:29:55+00:00,0xf21878b06505f5f0a92dea267c4d6a08f4910c2c,0x6d21266dfcf5541bee9f67c4837aaa72b3bf9303,174.9987598541053,EOA,EOA
2021-09-24 12:30:22+00:00,0x8f8dc9786154d159bc7e60966a8cdbf0cb9ada33,0xa0c68c638235ee32657e8f720a23cec1bfc77c77,170.0,EOA,Contract
2021-09-24 12:30:26+00:00,0x1aaf2f422f39687459031e6b9a788eccab84d214,0x7a250d5630b4cf539739df2c5dacb4c659f2488d,50.0,EOA,Contract
2021-09-24 12:30:46+00:00,0xc033dd6c312407ce5e8f0a199088c50b3b83bc47,0x3e66b66fd1d0b02fda6c811da9e0547970db2f21,40.0,EOA,Contract
2021-09-24 12:30:49+00:00,0x7931cb92c651f6a0c3cd5d5d188acad92c0bec51,0x3c979fb790c86e361738ed17588c1e8b4c4cc49a,199.998152,EOA,EOA
2021-09-24 12:30:49+00:00,0x3f66d04ad19d731de125356672909b9811872d2c,0x28c6c06298d514db089934071355e5743bf21d60,331.998779,EOA,EOA
2021-09-24 12:31:01+00:00,0xa93ef39a6b51a81a9b60bc65a2565e425c2a1a6a,0x876eabf441b2ee5b5b0554fd502a8e0600950cfa,299.98015103,EOA,EOA
2021-09-24 12:31:21+00:00,0xef04c54325da842e7e077032172d654147b8bbd9,0x28c6c06298d514db089934071355e5743bf21d60,426.998068,EOA,EOA
2021-09-24 12:31:21+00:00,0x4230c402c08cb66dcf3820649a115e54661fce9d,0x1db92e2eebc8e0c075a02bea49a2935bcd2dfcf4,41.691274549109444,EOA,Contract
2021-09-24 12:31:21+00:00,0xe5782724e87bcd5a1f48737ff6cfeaf875ab5873,0x28c6c06298d514db089934071355e5743bf21d60,499.954932801,EOA,EOA
2021-09-24 12:31:21+00:00,0x5077bad139cde8e7865a9f6d4c147c21bb13828e,0x28c6c06298d514db089934071355e5743bf21d60,339.99832,EOA,EOA
2021-09-24 12:31:21+00:00,0xf85e3bb2280a5431e86f642726bccc6992eafa4f,0x28c6c06298d514db089934071355e5743bf21d60,30000.013616,EOA,EOA
2021-09-24 12:31:49+00:00,0x3c979fb790c86e361738ed17588c1e8b4c4cc49a,0x5860be9d3daa084fdf05c3cecef14c1c49eb329a,171.20580687,EOA,EOA
2021-09-24 12:32:35+00:00,0x67e9a5894d2713553cd3cbc7d034be9f1f830d3b,0x58a3c68e2d3aaf316239c003779f71acb870ee47,5200.0,EOA,Contract
2021-09-24 12:33:07+00:00,0x871d5c8ff2349fba48da9aee2530b9688538ef9b,0xe592427a0aece92de3edee1f18e0157c05861564,41.23518127312311,EOA,Contract
2021-09-24 12:33:07+00:00,0x6ae41512c97dad8621440c205fdd4fee69d3d048,0x089fa5c303c9bd3d1d7f25fad949d0d6b4b4f137,249.49009456762604,EOA,EOA
2021-09-24 12:33:23+00:00,0x58f56615180a8eea4c462235d9e215f72484b4a3,0x9a3c3bc9e35d6983add159927f9dae7583a9dc0a,200.0,EOA,EOA
2021-09-24 12:34:10+00:00,0xc098b2a3aa256d2140208c3de6543aaef5cd3a94,0x0899e2cf3f9f20a08296f41a1c3f891e6c84e6cb,299.997287,EOA,EOA
2021-09-24 12:34:46+00:00,0xa7efae728d2936e78bda97dc267687568dd593f3,0x6def89dd15cda164da034ceae2e7fbb3bc115748,300.0,EOA,EOA
2021-09-24 12:34:46+00:00,0x4976a4a02f38326660d17bf34b431dc6e2eb2327,0x6b79501008259fbf34f69bc24e7a5b043770eb01,199.995,EOA,EOA
2021-09-24 12:34:46+00:00,0x88df8d76ceac6a4f931a5289d4cbacc9dfea5b06,0x0d0707963952f2fba59dd06f2b425ace40b492fe,159.9907232,EOA,EOA
2021-09-24 12:35:05+00:00,0xa7efae728d2936e78bda97dc267687568dd593f3,0x93e18da0fc9c32b18b659780f25eed08bf5a586c,300.0,EOA,EOA
2021-09-24 12:35:13+00:00,0x0525eb58f9d226adb659777791ddd994def56e1c,0xf2820c8165ac170863b63d8b3996faef12a8742b,6000.0,EOA,EOA
2021-09-24 12:35:35+00:00,0x5d452ebcdcffcb19beb7cf190911cde3b538d278,0xc02aaa39b223fe8d0a0e5c4f27ead9083c756cc2,46.0,EOA,Contract
2021-09-24 12:35:35+00:00,0x070eb2840adef4a0abcbd15af2bb4496fa4e60d6,0xc02aaa39b223fe8d0a0e5c4f27ead9083c756cc2,40.0,EOA,Contract
2021-09-24 12:36:32+00:00,0x5620cbd6626669953e302ebe68608e0bc1c1b206,0xa090e606e30bd747d4e6245a1517ebe430f0057e,220.4781244979383,EOA,EOA
2021-09-24 12:37:14+00:00,0x0899e2cf3f9f20a08296f41a1c3f891e6c84e6cb,0xddfabcdc4d8ffc6d5beaf154f18b778f892a0740,299.99625745322527,EOA,EOA
2021-09-24 12:37:37+00:00,0xae61445d1afa978a2b3b764e1e7710a223bd1aee,0x2dabfab285c898b3044c02310c45bc5c50604f1a,35.5,EOA,Contract
2021-09-24 12:38:28+00:00,0x3c979fb790c86e361738ed17588c1e8b4c4cc49a,0xe2a2890443b0c4198aa03388fef072fe682b681b,184.996,EOA,EOA
2021-09-24 12:39:36+00:00,0x93e18da0fc9c32b18b659780f25eed08bf5a586c,0x73f8fc2e74302eb2efda125a326655acf0dc2d1b,299.998299,EOA,EOA
2021-09-24 12:40:00+00:00,0xf0d04d794053936807d553319dd0988d77ab78df,0x318dbe8af0cadd3b3f46040f176b9ec67eada4d3,187.995,EOA,EOA
2021-09-24 12:40:00+00:00,0x73f8fc2e74302eb2efda125a326655acf0dc2d1b,0x07e11552d45fbc6bb7e3d004bcc841e6b60e6faf,634.676,EOA,EOA
2021-09-24 12:40:15+00:00,0xa090e606e30bd747d4e6245a1517ebe430f0057e,0xeb2629a2734e272bcc07bda959863f316f4bd4cf,233.81350281237044,EOA,EOA
2021-09-24 12:40:15+00:00,0x6393e18ec94819f6d91ca6c90a8fdca2ddd32abd,0xe592427a0aece92de3edee1f18e0157c05861564,100.0,EOA,Contract
2021-09-24 12:40:28+00:00,0xdfd5293d8e347dfe59e90efd55b2956a1343963d,0x6594c9a52ecceb4189ac859210b3d1073813c3e4,299.855,EOA,EOA
2021-09-24 12:40:49+00:00,0xa4d07c23f28a1eb1ae471e530c3f5e0038d282f2,0xa0c68c638235ee32657e8f720a23cec1bfc77c77,200.0,EOA,Contract
2021-09-24 12:40:51+00:00,0x318dbe8af0cadd3b3f46040f176b9ec67eada4d3,0xa7efae728d2936e78bda97dc267687568dd593f3,187.99665561,EOA,EOA
2021-09-24 12:41:21+00:00,0x267be1c1d684f78cb4f6a176c4911b741e4ffdc0,0xb6c6ad0fa01a17ea88973ad905dca2007cccba32,325.3034,EOA,EOA
2021-09-24 12:41:21+00:00,0x267be1c1d684f78cb4f6a176c4911b741e4ffdc0,0x6b06eb7aef2d2515cc2385f141154fc266057fb8,349.9965,EOA,Contract
2021-09-24 12:41:21+00:00,0x131a9a36ea25afb4ed1a4510ee4b36e369d0f699,0xe592427a0aece92de3edee1f18e0157c05861564,100.0,EOA,Contract
2021-09-24 12:41:21+00:00,0xd59f2579d5dd61c8df02118e6de025cc12616945,0xfa52274dd61e1643d2205169732f29114bc240b3,38.9966361354902,EOA,Contract
2021-09-24 12:42:45+00:00,0x3cd751e6b0078be393132286c442345e5dc49699,0xf79a1844e66e4f89d755bc99941078dff4e99218,187.37116093990048,EOA,EOA
2021-09-24 12:42:45+00:00,0x3cd751e6b0078be393132286c442345e5dc49699,0xf79a1844e66e4f89d755bc99941078dff4e99218,390.08766194509815,EOA,EOA
2021-09-24 12:43:04+00:00,0x0548f59fee79f8832c299e01dca5c76f034f558e,0xc333e80ef2dec2805f239e3f1e810612d294f771,895.97,EOA,EOA
2021-09-24 12:43:07+00:00,0x0956ce087af57fe94af21695de39039e519665cf,0xc02aaa39b223fe8d0a0e5c4f27ead9083c756cc2,100.0,EOA,Contract
2021-09-24 12:43:23+00:00,0xa22d341a4872c8b2cac83a7660c990f6a94297b5,0x03f34be1bf910116595db1b11e9d1b2ca5d59659,100.0,EOA,Contract
2021-09-24 12:43:37+00:00,0x27e9f4748a2eb776be193a1f7dec2bb6daafe9cf,0xf584f8728b874a6a5c7a8d4d387c9aae9172d621,577.0,EOA,EOA
2021-09-24 12:44:57+00:00,0x9696f59e4d72e237be84ffd425dcad154bf96976,0xc3f797f0593f089a7b1a125110d585cc6f89281f,1299.995,EOA,EOA
2021-09-24 12:45:01+00:00,0xa7397f8b2f27158ef23c3fdcb8c34b3dc29e67d7,0x2ee8e7a840d5208633656b301d7350b51375d946,220.0,EOA,Contract
2021-09-24 12:46:16+00:00,0xa7efae728d2936e78bda97dc267687568dd593f3,0xf584f8728b874a6a5c7a8d4d387c9aae9172d621,168.9,EOA,EOA
2021-09-24 12:46:25+00:00,0x1aaf2f422f39687459031e6b9a788eccab84d214,0x7a250d5630b4cf539739df2c5dacb4c659f2488d,50.0,EOA,Contract
2021-09-24 12:46:31+00:00,0x7f825bd2dcf3b139d476138df8b5eb6c48a6916c,0x11111112542d85b3ef69ae05771c2dccff4faa26,100.0,EOA,Contract
2021-09-24 12:46:34+00:00,0x0dac1e97d866cad71fd9c71abb904612443fc755,0x11111112542d85b3ef69ae05771c2dccff4faa26,500.0,EOA,Contract
2021-09-24 12:46:56+00:00,0xbb431c391ce885cfc03faa32c16774bc37abb050,0x11111112542d85b3ef69ae05771c2dccff4faa26,71.15951323442559,EOA,Contract
2021-09-24 12:46:56+00:00,0xbb431c391ce885cfc03faa32c16774bc37abb050,0x11111112542d85b3ef69ae05771c2dccff4faa26,178.9588135234817,EOA,Contract
2021-09-24 12:47:45+00:00,0x376a6efe8e98f3ae2af230b3d45b8cc5e962bc27,0x11111112542d85b3ef69ae05771c2dccff4faa26,323.0,EOA,Contract
2021-09-24 12:47:45+00:00,0xc7d9f16a502beb2e6b4e011156408c6b0b282ac9,0x6a1f70339828586219a3cbea3d780fd8c9928c04,2000.0,EOA,EOA
2021-09-24 12:49:17+00:00,0xa4789a405df0adec5ffc0b448a1afd6442474c05,0x594c723b4cb2ed8885992901b7962faf414813ed,563.287435621859,EOA,EOA
2021-09-24 12:49:17+00:00,0x9696f59e4d72e237be84ffd425dcad154bf96976,0xc333e80ef2dec2805f239e3f1e810612d294f771,479.995,EOA,EOA
2021-09-24 12:49:17+00:00,0xf2820c8165ac170863b63d8b3996faef12a8742b,0x6a24af150630d0da3793e27562cbe34390dfd60e,1000.0,EOA,EOA
2021-09-24 12:49:17+00:00,0xdbc2a6c355a9e9c884e295af6dfb54bb414b7304,0x9d9a09db56c58a6619670b3926ab8351e94e78dd,3571.39930858879,EOA,EOA
2021-09-24 12:49:17+00:00,0xc333e80ef2dec2805f239e3f1e810612d294f771,0xaf560691eadf3836f30de82e2cf0f4573506ab59,1868.90802055,EOA,EOA
2021-09-24 12:49:41+00:00,0xe84eabf195ed3544641b316d45af4781881c72bd,0xc02aaa39b223fe8d0a0e5c4f27ead9083c756cc2,120.0,EOA,Contract
2021-09-24 12:49:50+00:00,0x9bb07c62347174d0a3735402d5ab5b66031f4cf4,0xae7ab96520de3a18e5e111b5eaab095312d7fe84,48.98924987242768,EOA,Contract
2021-09-24 12:49:50+00:00,0xe70a3ac5b3c832f2c7bfa48bad98b3afd7e07ca0,0xe592427a0aece92de3edee1f18e0157c05861564,52.0,EOA,Contract
2021-09-24 12:49:50+00:00,0xdcaef179c70cfc8e9fc48819e799789a904f0f73,0xfa52274dd61e1643d2205169732f29114bc240b3,73.91239905499822,EOA,Contract
2021-09-24 12:50:01+00:00,0x6a1f70339828586219a3cbea3d780fd8c9928c04,0x0577a79cfc63bbc0df38833ff4c4a3bf2095b404,2000.001224416,EOA,EOA
2021-09-24 12:50:28+00:00,0xc098b2a3aa256d2140208c3de6543aaef5cd3a94,0x931cc9b4aa6920b43f9f71e92acb5b897f3023c5,125.0,EOA,Contract
2021-09-24 12:50:35+00:00,0x9d9a09db56c58a6619670b3926ab8351e94e78dd,0xc098b2a3aa256d2140208c3de6543aaef5cd3a94,3571.39735936879,EOA,EOA
2021-09-24 12:50:39+00:00,0x6b79501008259fbf34f69bc24e7a5b043770eb01,0xefb2e870b14d7e555a31b392541acf002dae6ae9,199.992816,EOA,EOA
2021-09-24 12:50:52+00:00,0x089fa5c303c9bd3d1d7f25fad949d0d6b4b4f137,0xefb2e870b14d7e555a31b392541acf002dae6ae9,249.48791056762605,EOA,EOA
2021-09-24 12:50:52+00:00,0x4976a4a02f38326660d17bf34b431dc6e2eb2327,0x0b1340cdf37a8a89f14a9748158a80f066fd408f,239.9,EOA,EOA
2021-09-24 12:51:15+00:00,0x50ed72352adaebcd6bdf2d97e7b6695a29a3aa21,0xefb2e870b14d7e555a31b392541acf002dae6ae9,301.872787732,EOA,EOA
2021-09-24 12:52:13+00:00,0x712007a012c70e995864ee112bd27157c48651d7,0x5d7cac4d6badc6ad02075fe4083a5f59734c43d5,382.888719,EOA,EOA
2021-09-24 12:52:13+00:00,0x2a710edb11821d6d7d683559e72748770f75a6a5,0xb8001c3ec9aa1985f6c747e25c28324e4a361ec1,499.9941222,EOA,EOA
2021-09-24 12:52:13+00:00,0x3de9491eb11956dd3df9f81cc73cf7813259d851,0xdb722dd612d35a12e718138e7296e6ca3531fb98,313.0,EOA,EOA
2021-09-24 12:52:13+00:00,0x4419f4bebd4e4c6e1f5a2d7ada14c6fd2a5eda68,0xeaed4c03b99e132c6c4e45d4e387b626f3e833a2,286.1687190077778,EOA,EOA
2021-09-24 12:52:20+00:00,0x0b1340cdf37a8a89f14a9748158a80f066fd408f,0x0577a79cfc63bbc0df38833ff4c4a3bf2095b404,240.008586528,EOA,EOA
2021-09-24 12:52:20+00:00,0xc098b2a3aa256d2140208c3de6543aaef5cd3a94,0x8f8dc9786154d159bc7e60966a8cdbf0cb9ada33,176.219,EOA,EOA
2021-09-24 12:52:52+00:00,0xaaae2af3e0dda789f9b9b88e06bc4069bf7ff7fc,0xc02aaa39b223fe8d0a0e5c4f27ead9083c756cc2,95.0,EOA,Contract
2021-09-24 12:53:07+00:00,0x9a6c0aa8f0fd4a3282cfacd352ce4f998d7ef466,0xe592427a0aece92de3edee1f18e0157c05861564,67.0,EOA,Contract
2021-09-24 12:53:07+00:00,0xe70a3ac5b3c832f2c7bfa48bad98b3afd7e07ca0,0xe592427a0aece92de3edee1f18e0157c05861564,100.0,EOA,Contract
2021-09-24 12:53:39+00:00,0x8f8dc9786154d159bc7e60966a8cdbf0cb9ada33,0xa0c68c638235ee32657e8f720a23cec1bfc77c77,176.2,EOA,Contract
2021-09-24 12:54:57+00:00,0xe4a0addbab0281852a08231b180f21d89edbd673,0x03f34be1bf910116595db1b11e9d1b2ca5d59659,100.0,EOA,Contract
2021-09-24 12:55:10+00:00,0x7f825bd2dcf3b139d476138df8b5eb6c48a6916c,0x11111112542d85b3ef69ae05771c2dccff4faa26,100.0,EOA,Contract
2021-09-24 12:56:18+00:00,0x72f002e3332ab46a90ea2ef6238a083938519083,0xc36442b4a4522e871399cd717abdd847ab11fe88,138.99999967802563,EOA,Contract
2021-09-24 12:57:09+00:00,0x5b3256965e7c3cf26e11fcaf296dfc8807c01073,0x0b7a434782792b539623fd72a428838ea4173b22,500.0,EOA,EOA
2021-09-24 12:57:09+00:00,0xe70a3ac5b3c832f2c7bfa48bad98b3afd7e07ca0,0xe592427a0aece92de3edee1f18e0157c05861564,100.0,EOA,Contract
2021-09-24 12:57:35+00:00,0xed0369163c6dbb29f7bd99b559e9b6c6bfe5cec9,0xc02aaa39b223fe8d0a0e5c4f27ead9083c756cc2,33.09,EOA,Contract
2021-09-24 12:57:35+00:00,0x267be1c1d684f78cb4f6a176c4911b741e4ffdc0,0xedc7001e99a37c3d23b5f7974f837387e09f9c93,724.9965,EOA,EOA
2021-09-24 12:57:35+00:00,0x4976a4a02f38326660d17bf34b431dc6e2eb2327,0x6b79501008259fbf34f69bc24e7a5b043770eb01,199.995,EOA,EOA
2021-09-24 12:57:57+00:00,0x9acaed2c8c471264964db0727af21a6bbc066177,0xe592427a0aece92de3edee1f18e0157c05861564,500.0,EOA,Contract
2021-09-24 12:58:22+00:00,0xedc7001e99a37c3d23b5f7974f837387e09f9c93,0x3cd751e6b0078be393132286c442345e5dc49699,724.9952846914972,EOA,EOA
2021-09-24 12:58:22+00:00,0xdfd5293d8e347dfe59e90efd55b2956a1343963d,0x3bbec29ab82db1f0be3f67261cc902c4e35ab70d,274.09651569,EOA,EOA
2021-09-24 12:58:22+00:00,0x0577a79cfc63bbc0df38833ff4c4a3bf2095b404,0x7f825bd2dcf3b139d476138df8b5eb6c48a6916c,300.37408399,EOA,EOA
2021-09-24 12:58:56+00:00,0x0577a79cfc63bbc0df38833ff4c4a3bf2095b404,0xc333e80ef2dec2805f239e3f1e810612d294f771,330.0,EOA,EOA
2021-09-24 13:00:30+00:00,0xddfabcdc4d8ffc6d5beaf154f18b778f892a0740,0x9c1e39ed5faf52d178ae83d1d02c19316a2efd0e,4995.0,EOA,EOA
2021-09-24 13:00:52+00:00,0xa30bad98f277222ef1b732ee5d4d442f90c5b035,0xc36442b4a4522e871399cd717abdd847ab11fe88,34.28,EOA,Contract
2021-09-24 13:01:31+00:00,0x6a24af150630d0da3793e27562cbe34390dfd60e,0x28c6c06298d514db089934071355e5743bf21d60,1000.017039,EOA,EOA
2021-09-24 13:01:44+00:00,0x6def89dd15cda164da034ceae2e7fbb3bc115748,0x28c6c06298d514db089934071355e5743bf21d60,300.018656,EOA,EOA
2021-09-24 13:01:44+00:00,0xe2a2890443b0c4198aa03388fef072fe682b681b,0x28c6c06298d514db089934071355e5743bf21d60,185.014089,EOA,EOA
2021-09-24 13:01:44+00:00,0x3229149012a035ef51d724e0343eb31ce3e4bb7d,0x28c6c06298d514db089934071355e5743bf21d60,1336.848671713,EOA,EOA
2021-09-24 13:01:57+00:00,0x773b522680761199384d2cba1d2593127235b884,0xe592427a0aece92de3edee1f18e0157c05861564,41.0,EOA,Contract
2021-09-24 13:01:57+00:00,0xa7e38489a00e6dd16ff479638b5265cb505a9052,0x881d40237659c251811cec9c364ef91dc08d300c,150.0,EOA,Contract
2021-09-24 13:02:13+00:00,0x7641a5e890478bea2bdc4cafff960ac4ae96886e,0x58a3c68e2d3aaf316239c003779f71acb870ee47,3500.0,EOA,Contract
2021-09-24 13:02:13+00:00,0x258ede9f27da4922efd8543d6c49a6fa98ab842f,0x67550a37c17c3261c390ac15cf741958dcd3c45b,1000.0,EOA,EOA
2021-09-24 13:03:01+00:00,0x3116c70ef259d90eca1f78f8eb14521ce9c898b0,0x7be8076f4ea4a4ad08075c2508e481d6c946d12b,39.5,EOA,Contract
2021-09-24 13:03:24+00:00,0x3c0d7b05c390ca358610a353276701275f3c236f,0xb47e3cd837ddf8e4c57f05d70ab865de6e193bbb,100.0,EOA,Contract
2021-09-24 13:03:24+00:00,0x3c979fb790c86e361738ed17588c1e8b4c4cc49a,0xbd53b24a003e129425fb7f278675711294640cfb,199.996,EOA,EOA
2021-09-24 13:03:45+00:00,0xa7efae728d2936e78bda97dc267687568dd593f3,0x6b06eb7aef2d2515cc2385f141154fc266057fb8,450.0,EOA,Contract
2021-09-24 13:04:19+00:00,0xbd53b24a003e129425fb7f278675711294640cfb,0xc098b2a3aa256d2140208c3de6543aaef5cd3a94,199.99363309,EOA,EOA
2021-09-24 13:04:19+00:00,0xe70a3ac5b3c832f2c7bfa48bad98b3afd7e07ca0,0xe592427a0aece92de3edee1f18e0157c05861564,100.0,EOA,Contract
2021-09-24 13:05:14+00:00,0x56eddb7aa87536c09ccc2793473599fd21a8b17f,0x453cee3b941fc32e4cec0cc7b029eb4758610149,583.6737728,EOA,EOA
2021-09-24 13:05:40+00:00,0x56178a0d5f301baf6cf3e1cd53d9863437345bf9,0x4ddc2d193948926d02f9b1fe9e1daa0718270ed5,174.4252633187896,EOA,Contract
2021-09-24 13:05:40+00:00,0xa7e38489a00e6dd16ff479638b5265cb505a9052,0x881d40237659c251811cec9c364ef91dc08d300c,100.0,EOA,Contract
2021-09-24 13:05:40+00:00,0xbb001024d6c3fa8063482383c7a6602da7d64cf5,0xc02aaa39b223fe8d0a0e5c4f27ead9083c756cc2,120.0,EOA,Contract
2021-09-24 13:06:21+00:00,0x4090748e91d07e43ba44efb6613ef9004b4ab25c,0xc02aaa39b223fe8d0a0e5c4f27ead9083c756cc2,50.0,EOA,Contract
2021-09-24 13:07:35+00:00,0xc267da714ddb007bc198cb9bdb722c66e652c687,0xe592427a0aece92de3edee1f18e0157c05861564,300.0,EOA,Contract
2021-09-24 13:07:35+00:00,0xe70a3ac5b3c832f2c7bfa48bad98b3afd7e07ca0,0xe592427a0aece92de3edee1f18e0157c05861564,100.0,EOA,Contract
2021-09-24 13:07:35+00:00,0x4976a4a02f38326660d17bf34b431dc6e2eb2327,0x453cee3b941fc32e4cec0cc7b029eb4758610149,1299.995,EOA,EOA
2021-09-24 13:07:35+00:00,0xbc0d83a4a24956c603dd32edfcebf07472515351,0x8921e2464776d4d7e92b5d617b870deb9b96b73d,1124.9878348966558,EOA,EOA
2021-09-24 13:08:41+00:00,0xa7e38489a00e6dd16ff479638b5265cb505a9052,0x881d40237659c251811cec9c364ef91dc08d300c,100.0,EOA,Contract
2021-09-24 13:09:46+00:00,0xdfd5293d8e347dfe59e90efd55b2956a1343963d,0x9245175fdb2ac373ddf94f4bf50a68f4f5836998,262.01815667,EOA,EOA
2021-09-24 13:10:17+00:00,0x411bc1e030989676a5338a981d7be12328f2265b,0x11111112542d85b3ef69ae05771c2dccff4faa26,246.0,EOA,Contract
2021-09-24 13:10:48+00:00,0x7ac79ca013a1789e126845c2ace8ec3aa242a1c9,0xcc9a0b7c43dc2a5f023bb9b738e45b0ef6b06e04,43.0,EOA,Contract
2021-09-24 13:11:00+00:00,0x73f8fc2e74302eb2efda125a326655acf0dc2d1b,0xbc772a2f76d2f76c25ff6cb6be8276663fc1410c,171.496,EOA,EOA
2021-09-24 13:12:16+00:00,0xd2b45ac7ec8d0f9d1dedfaa6cfe3564b8be4f26e,0xe592427a0aece92de3edee1f18e0157c05861564,99.0,EOA,Contract
2021-09-24 13:12:26+00:00,0xd72f4baffd4d9dcfaa1114a6d3da8f8aebca5d8c,0x02a9656f6851527e2199ce0ad3c15adddbaf734f,56.0,EOA,Contract
2021-09-24 13:12:35+00:00,0xf66852bc122fd40bfecc63cd48217e88bda12109,0xe5782724e87bcd5a1f48737ff6cfeaf875ab5873,999.9755,EOA,EOA
2021-09-24 13:12:53+00:00,0xc098b2a3aa256d2140208c3de6543aaef5cd3a94,0xedc7001e99a37c3d23b5f7974f837387e09f9c93,699.9975,EOA,EOA
2021-09-24 13:12:59+00:00,0xa7e38489a00e6dd16ff479638b5265cb505a9052,0x881d40237659c251811cec9c364ef91dc08d300c,75.0,EOA,Contract
2021-09-24 13:12:59+00:00,0xc333e80ef2dec2805f239e3f1e810612d294f771,0x18e24850fdeceee577da1e08c63b260cff69b962,350.0,EOA,EOA
2021-09-24 13:13:16+00:00,0xedc7001e99a37c3d23b5f7974f837387e09f9c93,0xddfabcdc4d8ffc6d5beaf154f18b778f892a0740,699.9945722345838,EOA,EOA
2021-09-24 13:13:37+00:00,0xae61445d1afa978a2b3b764e1e7710a223bd1aee,0x2dabfab285c898b3044c02310c45bc5c50604f1a,36.0,EOA,Contract
2021-09-24 13:14:05+00:00,0x3bbec29ab82db1f0be3f67261cc902c4e35ab70d,0x58cb58b57dbe6b4e9ab56e0360ce2b6262da2049,250.0,EOA,Contract
2021-09-24 13:14:15+00:00,0x267be1c1d684f78cb4f6a176c4911b741e4ffdc0,0xfc1e1fd1d25d915c7eae1ece7112eb141dca540d,74.3965,EOA,Contract
2021-09-24 13:14:15+00:00,0xc77fa6c05b4e472feee7c0f9b20e70c5bf33a99b,0xdef171fe48cf0115b1d80b88dc8eab59176fee57,65.0,EOA,Contract
2021-09-24 13:14:15+00:00,0x21a31ee1afc51d94c2efccaa2092ad1028285549,0xad6eaa735d9df3d7696fd03984379dae02ed8862,3499.995,EOA,EOA
2021-09-24 13:14:15+00:00,0x4976a4a02f38326660d17bf34b431dc6e2eb2327,0xb3c839dbde6b96d37c56ee4f9dad3390d49310aa,199.995,EOA,Contract
2021-09-24 13:15:40+00:00,0xbb431c391ce885cfc03faa32c16774bc37abb050,0x11111112542d85b3ef69ae05771c2dccff4faa26,35.743363310938456,EOA,Contract
2021-09-24 13:16:03+00:00,0xa7e38489a00e6dd16ff479638b5265cb505a9052,0x881d40237659c251811cec9c364ef91dc08d300c,100.0,EOA,Contract
2021-09-24 13:16:31+00:00,0x267be1c1d684f78cb4f6a176c4911b741e4ffdc0,0x8afd8542540a2c5ce26d01ac3ae6cc1e9c32568f,175.9965,EOA,EOA
2021-09-24 13:16:31+00:00,0x287044953b90d650fe1a7b1ba139ae49c668eff0,0xd9e1ce17f2641f24ae83637ab66a2cca9c378b9f,63.45,EOA,Contract
2021-09-24 13:16:46+00:00,0x3cd751e6b0078be393132286c442345e5dc49699,0x69db2c89974f74b4a16e54eb75884465a55f3980,280.0,EOA,EOA
2021-09-24 13:16:57+00:00,0xbb431c391ce885cfc03faa32c16774bc37abb050,0x11111112542d85b3ef69ae05771c2dccff4faa26,71.33366378807192,EOA,Contract
2021-09-24 13:16:59+00:00,0xede5d6aa8f777d93cb1b53c08e81bbeec722f023,0xa8a2439da6edebad2b69577b14e2f8eb8cf02a99,220.0,EOA,EOA
2021-09-24 13:16:59+00:00,0xa7e38489a00e6dd16ff479638b5265cb505a9052,0x881d40237659c251811cec9c364ef91dc08d300c,83.0,EOA,Contract
2021-09-24 13:19:00+00:00,0xa8a2439da6edebad2b69577b14e2f8eb8cf02a99,0xa7efae728d2936e78bda97dc267687568dd593f3,219.999307,EOA,EOA
2021-09-24 13:19:17+00:00,0x5b6f430bf196d021616b8be8c23e7d1d8b55cc5b,0xf151102a45aceb97cde99994312f38fd4d213e9d,97.0,EOA,Contract
2021-09-24 13:19:17+00:00,0xdc23e01ab3b3048b4f290b28ab530c5362e3fa47,0x03f34be1bf910116595db1b11e9d1b2ca5d59659,49.5,EOA,Contract
2021-09-24 13:19:32+00:00,0xe1a5288a4752778be59d23f7e791b8866f6baf38,0x7be8076f4ea4a4ad08075c2508e481d6c946d12b,37.99,EOA,Contract
2021-09-24 13:20:22+00:00,0xa910f92acdaf488fa6ef02174fb86208ad7722ba,0xc333e80ef2dec2805f239e3f1e810612d294f771,389.99230395,EOA,EOA
2021-09-24 13:20:22+00:00,0x0d0707963952f2fba59dd06f2b425ace40b492fe,0x22f1e4fa15c3c1dda5264234117975eaaca1fdf2,197.564,EOA,EOA
2021-09-24 13:20:51+00:00,0xc0fcf0fa7264d9ea19e5b8c4f94318c1d962bb69,0x061833da39f066d7d2551e7ee1bf7ddeded23d9e,40.0,EOA,Contract
2021-09-24 13:21:09+00:00,0xfc075bf197fea5eb515b5d44c7fb281a091b6f22,0xb192234b5816339b767077916506e8f6a74d7f1b,278.4135363000001,EOA,EOA
2021-09-24 13:21:09+00:00,0x4976a4a02f38326660d17bf34b431dc6e2eb2327,0xc333e80ef2dec2805f239e3f1e810612d294f771,639.995,EOA,EOA
2021-09-24 13:21:48+00:00,0xa7efae728d2936e78bda97dc267687568dd593f3,0xc333e80ef2dec2805f239e3f1e810612d294f771,710.0,EOA,EOA
2021-09-24 13:22:22+00:00,0xdb1a6887e9826b1b1f7ed2dc981739ca116d4f27,0xcc9a0b7c43dc2a5f023bb9b738e45b0ef6b06e04,400.0,EOA,Contract
2021-09-24 13:22:55+00:00,0x41318419cfa25396b47a94896ffa2c77c6434040,0x0525eb58f9d226adb659777791ddd994def56e1c,469.51,EOA,EOA
2021-09-24 13:22:55+00:00,0xd4ee4919fb37f2bb970c3fff54aaf1f3dda6c03f,0xc36442b4a4522e871399cd717abdd847ab11fe88,712.0,EOA,Contract
2021-09-24 13:23:19+00:00,0x9dfcc853d908ef27ec32826c96306841218e88f4,0xdef171fe48cf0115b1d80b88dc8eab59176fee57,173.0,EOA,Contract
2021-09-24 13:23:19+00:00,0xe4b3dd9839ed1780351dc5412925cf05f07a1939,0x60f9e80d0d40b2958ac39006635de782096866c3,150.0,EOA,EOA
2021-09-24 13:23:36+00:00,0xa1d5a5a37e4463e0b86304fa8fe4989e5cdc82c3,0xfa9a30350048b2bf66865ee20363067c66f67e58,140.0,EOA,Contract
2021-09-24 13:23:49+00:00,0x267be1c1d684f78cb4f6a176c4911b741e4ffdc0,0xedc7001e99a37c3d23b5f7974f837387e09f9c93,798.9965,EOA,EOA
2021-09-24 13:24:36+00:00,0xb192234b5816339b767077916506e8f6a74d7f1b,0xcbd6832ebc203e49e2b771897067fce3c58575ac,278.4118251709712,EOA,EOA
2021-09-24 13:24:36+00:00,0x9245175fdb2ac373ddf94f4bf50a68f4f5836998,0xec0d3f28d37a3393cf09ee3ad446c485b6afdaa3,261.6,EOA,Contract
2021-09-24 13:24:36+00:00,0x5b6f430bf196d021616b8be8c23e7d1d8b55cc5b,0xf151102a45aceb97cde99994312f38fd4d213e9d,97.0,EOA,Contract
2021-09-24 13:25:14+00:00,0xedc7001e99a37c3d23b5f7974f837387e09f9c93,0xddfabcdc4d8ffc6d5beaf154f18b778f892a0740,798.9953730862221,EOA,EOA
2021-09-24 13:25:23+00:00,0xc15fc417a1bb9850d0d7c9b8c98d87c009597e08,0xc36442b4a4522e871399cd717abdd847ab11fe88,103.5,EOA,Contract
2021-09-24 13:25:23+00:00,0x0b9dc2952be19dcbfaa22a7b47e6da49215dff04,0xd9e1ce17f2641f24ae83637ab66a2cca9c378b9f,44.87338903254514,EOA,Contract
2021-09-24 13:26:07+00:00,0x9fd0d228d9afedf44f262be67217fadf0531152a,0x03df236eacfcef4457ff7d6b88e8f00823014bcd,60.0,EOA,Contract
2021-09-24 13:26:07+00:00,0xc333e80ef2dec2805f239e3f1e810612d294f771,0xb5cebb87ff1a48ca28abc25b4584ff5148d1808e,2800.0,EOA,EOA
2021-09-24 13:27:03+00:00,0x9245175fdb2ac373ddf94f4bf50a68f4f5836998,0xec0d3f28d37a3393cf09ee3ad446c485b6afdaa3,183.0,EOA,Contract
2021-09-24 13:27:03+00:00,0x4ad64983349c49defe8d7a4686202d24b25d0ce8,0xe66845fd840fc7e489bcb61241fff5b7fc5f1f0e,200.0,EOA,EOA
2021-09-24 13:28:32+00:00,0xc4f9e3102bdfc79a65b52d9d1e9188a2f15d3213,0x881d40237659c251811cec9c364ef91dc08d300c,53.0,EOA,Contract
2021-09-24 13:28:40+00:00,0x4207837d4cd914467eb76bf88c4d6e7ba11ccdf9,0xfaa8076d70237d0563a7098fc34048960de752ec,190.35746583,EOA,EOA
2021-09-24 13:28:40+00:00,0xcbc2763bf6f2c8ff47bcac893c398a36a9070936,0x8fedce22e60f1f8e33dd620910c909e9c2e63745,150.0,EOA,EOA
2021-09-24 13:28:40+00:00,0x8f87854e839cfa958ab816613606af1895b1132e,0x11111112542d85b3ef69ae05771c2dccff4faa26,39.96083,EOA,Contract
2021-09-24 13:28:58+00:00,0xe1e5038f3be162b128b5fe128ca099762b1c426a,0x11111112542d85b3ef69ae05771c2dccff4faa26,50.0,EOA,Contract
2021-09-24 13:28:58+00:00,0xeb6c4be4b92a52e969f4bf405025d997703d5383,0x963d496fb22a56c9afb8839633fbcebeab5df43b,200.0,EOA,EOA
2021-09-24 13:28:58+00:00,0x7f825bd2dcf3b139d476138df8b5eb6c48a6916c,0x11111112542d85b3ef69ae05771c2dccff4faa26,100.0,EOA,Contract
2021-09-24 13:29:47+00:00,0x9245175fdb2ac373ddf94f4bf50a68f4f5836998,0xec0d3f28d37a3393cf09ee3ad446c485b6afdaa3,131.0,EOA,Contract
2021-09-24 13:30:34+00:00,0xe5eb40fa3a4a0337a6ff952849bcf196abd91c31,0xce88920fd101d0b19f4861e42f16e53a532bdf97,1500.0,EOA,EOA
2021-09-24 13:30:34+00:00,0x9245175fdb2ac373ddf94f4bf50a68f4f5836998,0xec0d3f28d37a3393cf09ee3ad446c485b6afdaa3,131.0,EOA,Contract
2021-09-24 13:30:47+00:00,0x5b6f430bf196d021616b8be8c23e7d1d8b55cc5b,0xf151102a45aceb97cde99994312f38fd4d213e9d,97.0,EOA,Contract
2021-09-24 13:30:58+00:00,0xdfd5293d8e347dfe59e90efd55b2956a1343963d,0xe4ef9ec2d3b6838e6396140907e664bd12e3ba45,199.995,EOA,Contract
2021-09-24 13:30:58+00:00,0xa7e38489a00e6dd16ff479638b5265cb505a9052,0x881d40237659c251811cec9c364ef91dc08d300c,100.0,EOA,Contract
2021-09-24 13:31:29+00:00,0x28c6c06298d514db089934071355e5743bf21d60,0xc3f797f0593f089a7b1a125110d585cc6f89281f,1299.995,EOA,EOA
2021-09-24 13:31:29+00:00,0x8e3ee397f21b377503c1abe12997a7d235af8827,0x093ddf41c5f758262750cea7f4ff58877ea904fa,69.99694508878292,EOA,Contract
2021-09-24 13:31:29+00:00,0xe5782724e87bcd5a1f48737ff6cfeaf875ab5873,0x28c6c06298d514db089934071355e5743bf21d60,999.967058866,EOA,EOA
2021-09-24 13:31:43+00:00,0x27e9f4748a2eb776be193a1f7dec2bb6daafe9cf,0x511d9b1cb812bd3000ed5e8b16a596d318219357,34.98,EOA,Contract
2021-09-24 13:32:07+00:00,0xe3792a9c235d434b702023b33f03c48c41631090,0xb29380ffc20696729b7ab8d093fa1e2ec14dfe2b,251.23049143862045,EOA,EOA
2021-09-24 13:32:07+00:00,0xd7efcbb86efdd9e8de014dafa5944aae36e817e4,0x3a0e051bf02c3901a931994215a1b5ed24ee86a3,52.64791,EOA,Contract
2021-09-24 13:32:34+00:00,0xbc772a2f76d2f76c25ff6cb6be8276663fc1410c,0xb29380ffc20696729b7ab8d093fa1e2ec14dfe2b,171.4932419560572,EOA,EOA
2021-09-24 13:32:50+00:00,0xe1e5038f3be162b128b5fe128ca099762b1c426a,0x11111112542d85b3ef69ae05771c2dccff4faa26,50.0,EOA,Contract
2021-09-24 13:33:17+00:00,0xac844b604d6c600fbe55c4383a6d87920b46a160,0xd9e1ce17f2641f24ae83637ab66a2cca9c378b9f,53.19593464553238,EOA,Contract
2021-09-24 13:34:21+00:00,0x9245175fdb2ac373ddf94f4bf50a68f4f5836998,0xec0d3f28d37a3393cf09ee3ad446c485b6afdaa3,93.7,EOA,Contract
2021-09-24 13:34:21+00:00,0x235075efb881fba4323ceac3c0f92d59215d42c9,0x722122df12d4e14e13ac3b6895a86e84145b6967,100.0,EOA,Contract
2021-09-24 13:34:28+00:00,0x4976a4a02f38326660d17bf34b431dc6e2eb2327,0x1029dc145a9f75791fa43d1b92a7628ccea584ee,135.9105942,EOA,Contract
2021-09-24 13:35:15+00:00,0x472823f8de94f38a5243c1dffb3cb2ed47c39121,0x722122df12d4e14e13ac3b6895a86e84145b6967,100.0,EOA,Contract
2021-09-24 13:35:15+00:00,0x34209305b93d05c934900d6cddfe5a5f5583040f,0xa0c68c638235ee32657e8f720a23cec1bfc77c77,33.0,EOA,Contract
2021-09-24 13:35:52+00:00,0x4976a4a02f38326660d17bf34b431dc6e2eb2327,0xc3f797f0593f089a7b1a125110d585cc6f89281f,1299.995,EOA,EOA
2021-09-24 13:35:52+00:00,0xac844b604d6c600fbe55c4383a6d87920b46a160,0xd9e1ce17f2641f24ae83637ab66a2cca9c378b9f,79.37683284475756,EOA,Contract
2021-09-24 13:36:19+00:00,0xa7efae728d2936e78bda97dc267687568dd593f3,0x6b06eb7aef2d2515cc2385f141154fc266057fb8,450.0,EOA,Contract
2021-09-24 13:36:30+00:00,0xc098b2a3aa256d2140208c3de6543aaef5cd3a94,0xcdac3504e4f3a87199a98a5214245c4e09a86bbe,200.0,EOA,EOA
2021-09-24 13:36:46+00:00,0x9245175fdb2ac373ddf94f4bf50a68f4f5836998,0xec0d3f28d37a3393cf09ee3ad446c485b6afdaa3,67.0,EOA,Contract
2021-09-24 13:38:01+00:00,0x25eaff5b179f209cf186b1cdcbfa463a69df4c45,0x6027a0d4c4fbb355f7265811c4a703342c5eee07,94.78514912,EOA,Contract
2021-09-24 13:38:39+00:00,0x9245175fdb2ac373ddf94f4bf50a68f4f5836998,0xec0d3f28d37a3393cf09ee3ad446c485b6afdaa3,67.0,EOA,Contract
2021-09-24 13:38:39+00:00,0xf3f5c252e8acd60671f92c7f72cf33661221ef42,0xc36442b4a4522e871399cd717abdd847ab11fe88,87.67609768920926,EOA,Contract
2021-09-24 13:39:21+00:00,0x0b7a434782792b539623fd72a428838ea4173b22,0xc839f567822bb1122dfafc187df3fccd7096b4c0,32.338764864,EOA,Contract
2021-09-24 13:39:56+00:00,0x73f8fc2e74302eb2efda125a326655acf0dc2d1b,0xaeee0f86a109adea9b632e41d903e9edcab4f8e6,200.0,EOA,EOA
2021-09-24 13:39:56+00:00,0x5097119dcb1ce3725dbcbe42356722dbacfc3b81,0x924cd9b60f4173dcdd5254ddd38c4f9cab68fe6b,1000.0,EOA,EOA
2021-09-24 13:40:34+00:00,0x28c6c06298d514db089934071355e5743bf21d60,0x6594c9a52ecceb4189ac859210b3d1073813c3e4,299.875,EOA,EOA
2021-09-24 13:40:41+00:00,0x0577a79cfc63bbc0df38833ff4c4a3bf2095b404,0x22f1e4fa15c3c1dda5264234117975eaaca1fdf2,185.678,EOA,EOA
2021-09-24 13:41:51+00:00,0xcacc6c1f624289d0c4e98a6552b51cc162a3e90c,0xc02aaa39b223fe8d0a0e5c4f27ead9083c756cc2,40.0,EOA,Contract
2021-09-24 13:41:51+00:00,0xc77fa6c05b4e472feee7c0f9b20e70c5bf33a99b,0xd9e1ce17f2641f24ae83637ab66a2cca9c378b9f,66.25854118878054,EOA,Contract
2021-09-24 13:41:51+00:00,0x9be96a6e861d2e5aff1fe0738bed664b6f0b543e,0x7be8076f4ea4a4ad08075c2508e481d6c946d12b,39.49,EOA,Contract
2021-09-24 13:43:10+00:00,0x7b5a8cbc77876421f1dcfb22ae2a1c404d7b71cb,0xdef1c0ded9bec7f1a1670819833240f027b25eff,100.0,EOA,Contract
2021-09-24 13:43:10+00:00,0x9696f59e4d72e237be84ffd425dcad154bf96976,0xc333e80ef2dec2805f239e3f1e810612d294f771,725.995,EOA,EOA
2021-09-24 13:43:10+00:00,0xc77fa6c05b4e472feee7c0f9b20e70c5bf33a99b,0xd9e1ce17f2641f24ae83637ab66a2cca9c378b9f,44.32578414924838,EOA,Contract
2021-09-24 13:43:10+00:00,0xac844b604d6c600fbe55c4383a6d87920b46a160,0xd9e1ce17f2641f24ae83637ab66a2cca9c378b9f,61.152717096935994,EOA,Contract
2021-09-24 13:43:10+00:00,0x7ba7f4773fa7890bad57879f0a1faa0edffb3520,0xc4c319e2d4d66cca4464c0c2b32c9bd23ebe784e,800.0,EOA,Contract
2021-09-24 13:43:34+00:00,0x0577a79cfc63bbc0df38833ff4c4a3bf2095b404,0xef813dd7e2ab57c63a4bbecaf7cb3600aa7e7e75,41.99,EOA,Contract
2021-09-24 13:43:34+00:00,0x9245175fdb2ac373ddf94f4bf50a68f4f5836998,0xec0d3f28d37a3393cf09ee3ad446c485b6afdaa3,47.7,EOA,Contract
2021-09-24 13:43:34+00:00,0x76c49d0e2b00ded0611862f0713c624a9bd0a432,0xddfabcdc4d8ffc6d5beaf154f18b778f892a0740,1303.8100043755546,EOA,EOA
2021-09-24 13:43:34+00:00,0xc098b2a3aa256d2140208c3de6543aaef5cd3a94,0xedc7001e99a37c3d23b5f7974f837387e09f9c93,700.9975,EOA,EOA
2021-09-24 13:43:34+00:00,0x8f87854e839cfa958ab816613606af1895b1132e,0x11111112542d85b3ef69ae05771c2dccff4faa26,49.93527,EOA,Contract
2021-09-24 13:43:54+00:00,0xddfabcdc4d8ffc6d5beaf154f18b778f892a0740,0xcbd878aa56be30cbe25dd042ed10fa3336bc049a,507.694,EOA,EOA
2021-09-24 13:44:11+00:00,0xc098b2a3aa256d2140208c3de6543aaef5cd3a94,0x5a7ea907fd90b79ac4007b7fe39217f7bd413a24,1000.0,EOA,EOA
2021-09-24 13:44:22+00:00,0x876eabf441b2ee5b5b0554fd502a8e0600950cfa,0xd01a46404e3af36a0936f48db312c5e6bb5b06d2,39.896031,EOA,Contract
2021-09-24 13:44:22+00:00,0xcbd878aa56be30cbe25dd042ed10fa3336bc049a,0xc098b2a3aa256d2140208c3de6543aaef5cd3a94,507.69094358259457,EOA,EOA
2021-09-24 13:44:22+00:00,0xa95f2ce82294ee8596abc7411f25d89d840265f4,0x0084dfd7202e5f5c0c8be83503a492837ca3e95e,299.99997595,EOA,EOA
2021-09-24 13:44:51+00:00,0xf66852bc122fd40bfecc63cd48217e88bda12109,0x026a58e4e1fa3e82e9236331828701c1b0755b4d,199.996,EOA,EOA
2021-09-24 13:44:51+00:00,0x7f825bd2dcf3b139d476138df8b5eb6c48a6916c,0x11111112542d85b3ef69ae05771c2dccff4faa26,100.0,EOA,Contract
2021-09-24 13:45:18+00:00,0x86f3bd96d6eaf4591c4414867b8695bc533c42dc,0x1149e9143c407f3be1df24c463e48963c6de1715,1363.901429,EOA,EOA
2021-09-24 13:45:18+00:00,0xb5cebb87ff1a48ca28abc25b4584ff5148d1808e,0xe8befc4ae8cba19287fbca84b1af26124f7dc3df,1750.0,EOA,EOA
2021-09-24 13:45:18+00:00,0xdfd5293d8e347dfe59e90efd55b2956a1343963d,0xedc7001e99a37c3d23b5f7974f837387e09f9c93,690.995,EOA,EOA
2021-09-24 13:45:44+00:00,0x9245175fdb2ac373ddf94f4bf50a68f4f5836998,0xec0d3f28d37a3393cf09ee3ad446c485b6afdaa3,47.7,EOA,Contract
2021-09-24 13:46:14+00:00,0x026a58e4e1fa3e82e9236331828701c1b0755b4d,0xc098b2a3aa256d2140208c3de6543aaef5cd3a94,199.99302976,EOA,EOA
2021-09-24 13:46:14+00:00,0x5225166f5edb2907d484fb27b4b323bf251321f5,0x03f34be1bf910116595db1b11e9d1b2ca5d59659,91.5,EOA,Contract
2021-09-24 13:46:14+00:00,0xedc7001e99a37c3d23b5f7974f837387e09f9c93,0xddfabcdc4d8ffc6d5beaf154f18b778f892a0740,1391.9885375323263,EOA,EOA
2021-09-24 13:46:14+00:00,0xf1cf296c11d3b010e6dd3d48b6c5aaed613e96f1,0xcd802c32518b1c6dee912738ce7126fe30197b29,150.0,EOA,EOA
2021-09-24 13:46:37+00:00,0x7b5a8cbc77876421f1dcfb22ae2a1c404d7b71cb,0xdef1c0ded9bec7f1a1670819833240f027b25eff,100.0,EOA,Contract
2021-09-24 13:46:45+00:00,0xf66852bc122fd40bfecc63cd48217e88bda12109,0xe5782724e87bcd5a1f48737ff6cfeaf875ab5873,999.9487,EOA,EOA
2021-09-24 13:47:36+00:00,0xfaa8076d70237d0563a7098fc34048960de752ec,0x11111112542d85b3ef69ae05771c2dccff4faa26,190.15971,EOA,Contract
2021-09-24 13:47:36+00:00,0xf66852bc122fd40bfecc63cd48217e88bda12109,0x7f825bd2dcf3b139d476138df8b5eb6c48a6916c,200.0,EOA,EOA
2021-09-24 13:48:05+00:00,0x2cfcbd233268c302996c767347eb45bec36fb08d,0xe592427a0aece92de3edee1f18e0157c05861564,176.24281511892406,EOA,Contract
2021-09-24 13:48:05+00:00,0x267be1c1d684f78cb4f6a176c4911b741e4ffdc0,0xc333e80ef2dec2805f239e3f1e810612d294f771,909.9965,EOA,EOA
2021-09-24 13:48:05+00:00,0x0b7a434782792b539623fd72a428838ea4173b22,0x319d092b39ee5b1c218fe43c467f591d4c725203,89.9628214527533,EOA,Contract
2021-09-24 13:48:06+00:00,0x267be1c1d684f78cb4f6a176c4911b741e4ffdc0,0x9a9e5bdde9550e79bc397222799782227ba52422,56.21497589,EOA,Contract
2021-09-24 13:48:28+00:00,0x788ca5ffc2359651de13a895c9123e6087588515,0x5fd0ef9a239e1979a1db7a775303a0911d987206,200.0,EOA,EOA
2021-09-24 13:48:28+00:00,0x65bdef0e45b652e86973c3408c7cd24dda9d844d,0xdef171fe48cf0115b1d80b88dc8eab59176fee57,50.0,EOA,Contract
2021-09-24 13:48:28+00:00,0x0b7a434782792b539623fd72a428838ea4173b22,0x646162c7f336cd6b20ba982b2628f9bb76344264,247.46398012505054,EOA,EOA
2021-09-24 13:48:28+00:00,0x9696f59e4d72e237be84ffd425dcad154bf96976,0xc3f797f0593f089a7b1a125110d585cc6f89281f,1299.995,EOA,EOA
2021-09-24 13:49:35+00:00,0xaf4ab7d50b1681676a6fc2637b15a632ac9d149a,0xfa52274dd61e1643d2205169732f29114bc240b3,39.99609545205917,EOA,Contract
2021-09-24 13:49:35+00:00,0x4f6742badb049791cd9a37ea913f2bac38d01279,0x11889c10ca33fbabdbeb0c5ffc016c8ee56f87f4,279.54187527269784,EOA,EOA
2021-09-24 13:50:20+00:00,0x56178a0d5f301baf6cf3e1cd53d9863437345bf9,0x4ddc2d193948926d02f9b1fe9e1daa0718270ed5,396.694090217845,EOA,Contract
2021-09-24 13:50:20+00:00,0x0084dfd7202e5f5c0c8be83503a492837ca3e95e,0xefb2e870b14d7e555a31b392541acf002dae6ae9,299.94668995,EOA,EOA
2021-09-24 13:50:20+00:00,0x259f35530902c36f15fbbbe05815da0ed93aceb5,0x253ff8d3b639243e2c9c4a36a4c461aa7fc5fe0d,375.7598523117628,EOA,EOA
2021-09-24 13:50:38+00:00,0x12ef97e205cd3de60fb1c1e073403277be080fea,0xfa52274dd61e1643d2205169732f29114bc240b3,42.011678420032354,EOA,Contract
2021-09-24 13:50:38+00:00,0xe1e5038f3be162b128b5fe128ca099762b1c426a,0x11111112542d85b3ef69ae05771c2dccff4faa26,100.0,EOA,Contract
2021-09-24 13:51:39+00:00,0x4976a4a02f38326660d17bf34b431dc6e2eb2327,0x6594c9a52ecceb4189ac859210b3d1073813c3e4,299.835,EOA,EOA
2021-09-24 13:51:39+00:00,0x6b79501008259fbf34f69bc24e7a5b043770eb01,0xefb2e870b14d7e555a31b392541acf002dae6ae9,199.991514,EOA,EOA
2021-09-24 13:51:39+00:00,0xf5f3436a05b5ced2490dae07b86eb5bbd02782aa,0x1db92e2eebc8e0c075a02bea49a2935bcd2dfcf4,40.02998772972468,EOA,Contract
2021-09-24 13:51:39+00:00,0x65bdef0e45b652e86973c3408c7cd24dda9d844d,0x11111112542d85b3ef69ae05771c2dccff4faa26,50.0,EOA,Contract
2021-09-24 13:52:30+00:00,0x12ef97e205cd3de60fb1c1e073403277be080fea,0xfa52274dd61e1643d2205169732f29114bc240b3,39.80021375304143,EOA,Contract
2021-09-24 13:52:49+00:00,0x928acf3db8c0c066e32b575838572c2a6e6834a8,0x03f34be1bf910116595db1b11e9d1b2ca5d59659,36.0,EOA,Contract
2021-09-24 13:53:10+00:00,0x56178a0d5f301baf6cf3e1cd53d9863437345bf9,0xc02aaa39b223fe8d0a0e5c4f27ead9083c756cc2,163.91226072595876,EOA,Contract
2021-09-24 13:53:35+00:00,0x0d0707963952f2fba59dd06f2b425ace40b492fe,0x83c6c03f6c33dc30621ac791da253abdcd088954,179.9926,EOA,EOA
2021-09-24 13:53:35+00:00,0xa7efae728d2936e78bda97dc267687568dd593f3,0x6b06eb7aef2d2515cc2385f141154fc266057fb8,450.0,EOA,Contract
2021-09-24 13:53:56+00:00,0xf66852bc122fd40bfecc63cd48217e88bda12109,0xe6effe1e71070435afeaf960c9baf471d0bb1d0a,885.2,EOA,EOA
2021-09-24 13:54:06+00:00,0xce88920fd101d0b19f4861e42f16e53a532bdf97,0xc9610be2843f1618edfedd0860dc43551c727061,1500.126327779,EOA,EOA
2021-09-24 13:54:28+00:00,0x57d4e9b4a191d2bba64abd6c9250a500e29eea74,0x4745737d43f655a9c70b47a5e552ee2b0850f620,444.44894251427684,EOA,Contract
2021-09-24 13:54:28+00:00,0x912fd21d7a69678227fe6d08c64222db41477ba0,0xb2d5eeb1b9dcae4c6ec6efe733754cf09c57a334,300.0,EOA,Contract
2021-09-24 13:55:04+00:00,0x83c6c03f6c33dc30621ac791da253abdcd088954,0x25eaff5b179f209cf186b1cdcbfa463a69df4c45,179.988817585,EOA,EOA
2021-09-24 13:56:01+00:00,0x4976a4a02f38326660d17bf34b431dc6e2eb2327,0xedc7001e99a37c3d23b5f7974f837387e09f9c93,711.995,EOA,EOA
2021-09-24 13:56:08+00:00,0x73f8fc2e74302eb2efda125a326655acf0dc2d1b,0x511d9b1cb812bd3000ed5e8b16a596d318219357,38.8,EOA,Contract
2021-09-24 13:56:08+00:00,0x65bdef0e45b652e86973c3408c7cd24dda9d844d,0xdef171fe48cf0115b1d80b88dc8eab59176fee57,100.0,EOA,Contract
2021-09-24 13:56:21+00:00,0xe1e5038f3be162b128b5fe128ca099762b1c426a,0x11111112542d85b3ef69ae05771c2dccff4faa26,50.0,EOA,Contract
2021-09-24 13:56:21+00:00,0x5dcb78343780e1b1e578ae0590dc1e868792a435,0xa2f0b8effac3546687d5a77628be14865d27c35d,250.0,EOA,EOA
2021-09-24 13:56:54+00:00,0x3505b95dbc8dbd895614f34ee8633ecbbaf35dc6,0x11111112542d85b3ef69ae05771c2dccff4faa26,100.0,EOA,Contract
2021-09-24 13:56:54+00:00,0x0577a79cfc63bbc0df38833ff4c4a3bf2095b404,0x0899e2cf3f9f20a08296f41a1c3f891e6c84e6cb,400.0,EOA,EOA
2021-09-24 13:56:54+00:00,0xab02469559a8a4ac1131c99b018f4a9314f12c06,0xd9e1ce17f2641f24ae83637ab66a2cca9c378b9f,50.0,EOA,Contract
2021-09-24 13:57:34+00:00,0x21a31ee1afc51d94c2efccaa2092ad1028285549,0x11e82f3919c2d775269bb40dfad7ce093b7b47c2,399.995,EOA,EOA
2021-09-24 13:58:17+00:00,0x0899e2cf3f9f20a08296f41a1c3f891e6c84e6cb,0xddfabcdc4d8ffc6d5beaf154f18b778f892a0740,399.9956155943967,EOA,EOA
2021-09-24 13:58:17+00:00,0xedc7001e99a37c3d23b5f7974f837387e09f9c93,0xddfabcdc4d8ffc6d5beaf154f18b778f892a0740,711.9925008434053,EOA,EOA
2021-09-24 13:58:17+00:00,0x76c49d0e2b00ded0611862f0713c624a9bd0a432,0xddfabcdc4d8ffc6d5beaf154f18b778f892a0740,1360.9134349787705,EOA,EOA
2021-09-24 13:58:25+00:00,0x11e82f3919c2d775269bb40dfad7ce093b7b47c2,0xc098b2a3aa256d2140208c3de6543aaef5cd3a94,399.991588865,EOA,EOA
2021-09-24 13:58:25+00:00,0xe4f3cb0859a231b29a4f279d05c4a63c6a5872e3,0x03df236eacfcef4457ff7d6b88e8f00823014bcd,30.0,EOA,Contract
2021-09-24 13:58:25+00:00,0x9696f59e4d72e237be84ffd425dcad154bf96976,0xc3f797f0593f089a7b1a125110d585cc6f89281f,1299.995,EOA,EOA
2021-09-24 13:58:44+00:00,0x56178a0d5f301baf6cf3e1cd53d9863437345bf9,0x4ddc2d193948926d02f9b1fe9e1daa0718270ed5,318.7499063791433,EOA,Contract
2021-09-24 13:59:09+00:00,0x530e0a6993ea99ffc96615af43f327225a5fe536,0x676aecc97bf721c3cb3329a22d49c0ea0ed375f7,500.0,EOA,EOA
2021-09-24 13:59:19+00:00,0xe1e5038f3be162b128b5fe128ca099762b1c426a,0x11111112542d85b3ef69ae05771c2dccff4faa26,100.0,EOA,Contract
2021-09-24 13:59:42+00:00,0x5b990c664ae7e759763acfec76e11c289c53be77,0xe11970f2f3de9d637fb786f2d869f8fea44195ac,890.0,EOA,EOA
2021-09-24 14:00:24+00:00,0xddfabcdc4d8ffc6d5beaf154f18b778f892a0740,0x6eed126ddc44bbfa72701eb666be102bce17bfc9,193.06949150816197,EOA,EOA
2021-09-24 14:00:24+00:00,0x28c6c06298d514db089934071355e5743bf21d60,0x21a31ee1afc51d94c2efccaa2092ad1028285549,20233.53965437,EOA,EOA
2021-09-24 14:00:24+00:00,0x3cd751e6b0078be393132286c442345e5dc49699,0xf79a1844e66e4f89d755bc99941078dff4e99218,393.9490517752614,EOA,EOA
2021-09-24 14:00:24+00:00,0x3cd751e6b0078be393132286c442345e5dc49699,0xf79a1844e66e4f89d755bc99941078dff4e99218,393.9490517752614,EOA,EOA
2021-09-24 14:00:24+00:00,0xddfabcdc4d8ffc6d5beaf154f18b778f892a0740,0xf79a1844e66e4f89d755bc99941078dff4e99218,393.9490517752614,EOA,EOA
2021-09-24 14:00:24+00:00,0xb5d85cbf7cb3ee0d56b3bb207d5fc4b82f43f511,0xf79a1844e66e4f89d755bc99941078dff4e99218,188.42984577480505,EOA,EOA
2021-09-24 14:00:33+00:00,0xd24400ae8bfebb18ca49be86258a3c749cf46853,0x320638b5c3946ffd14938916c1234d31a3966608,209.9,EOA,EOA
2021-09-24 14:01:47+00:00,0x4976a4a02f38326660d17bf34b431dc6e2eb2327,0x6f988506ebbf753000ab0569b1e5dcfa194a3afe,171.395,EOA,EOA
2021-09-24 14:02:20+00:00,0x34ea4138580435b5a521e460035edb19df1938c1,0xf60c2ea62edbfe808163751dd0d8693dcb30019c,8000.0,EOA,EOA
2021-09-24 14:02:23+00:00,0x963d496fb22a56c9afb8839633fbcebeab5df43b,0x28c6c06298d514db089934071355e5743bf21d60,199.998761,EOA,EOA
2021-09-24 14:02:23+00:00,0xda641f45869f9c8697be0057a4093678b06bc4f3,0xc36442b4a4522e871399cd717abdd847ab11fe88,100.0,EOA,Contract
2021-09-24 14:02:23+00:00,0x5a7ea907fd90b79ac4007b7fe39217f7bd413a24,0x28c6c06298d514db089934071355e5743bf21d60,999.997648,EOA,EOA
2021-09-24 14:02:23+00:00,0xe8befc4ae8cba19287fbca84b1af26124f7dc3df,0x28c6c06298d514db089934071355e5743bf21d60,1750.000366083,EOA,EOA
2021-09-24 14:02:28+00:00,0xe5782724e87bcd5a1f48737ff6cfeaf875ab5873,0x28c6c06298d514db089934071355e5743bf21d60,999.943664469,EOA,EOA
2021-09-24 14:02:28+00:00,0x924cd9b60f4173dcdd5254ddd38c4f9cab68fe6b,0x28c6c06298d514db089934071355e5743bf21d60,999.96954166,EOA,EOA
2021-09-24 14:02:28+00:00,0xe6effe1e71070435afeaf960c9baf471d0bb1d0a,0x28c6c06298d514db089934071355e5743bf21d60,885.189479941,EOA,EOA
2021-09-24 14:02:37+00:00,0x22f1e4fa15c3c1dda5264234117975eaaca1fdf2,0x28c6c06298d514db089934071355e5743bf21d60,383.24032,EOA,EOA
2021-09-24 14:02:37+00:00,0xc098b2a3aa256d2140208c3de6543aaef5cd3a94,0x27dcf05781d5f470e80f3c2de28074782d40823d,440.0,EOA,EOA
2021-09-24 14:02:41+00:00,0xe1e5038f3be162b128b5fe128ca099762b1c426a,0x11111112542d85b3ef69ae05771c2dccff4faa26,100.0,EOA,Contract
2021-09-24 14:02:41+00:00,0xc098b2a3aa256d2140208c3de6543aaef5cd3a94,0xb7dbb7b667330442974ff1b1777b2393158fa172,203.88326587,EOA,EOA
2021-09-24 14:03:21+00:00,0x73f8fc2e74302eb2efda125a326655acf0dc2d1b,0x2533c4d0a4cf1f866ab11646c08d51a935f226ee,308.3738,EOA,EOA
2021-09-24 14:03:31+00:00,0x189b9cbd4aff470af2c0102f365fc1823d857965,0x07a5601921806c07a7688018638e180375250dae,250.0,EOA,EOA
2021-09-24 14:03:54+00:00,0x56eddb7aa87536c09ccc2793473599fd21a8b17f,0xef813dd7e2ab57c63a4bbecaf7cb3600aa7e7e75,41.99,EOA,Contract
2021-09-24 14:03:59+00:00,0x12ef97e205cd3de60fb1c1e073403277be080fea,0xfa52274dd61e1643d2205169732f29114bc240b3,40.4702398700024,EOA,Contract
2021-09-24 14:03:59+00:00,0x528ef4f3742d2c0c4d84ccfe33227aba3cca2ed9,0xfa52274dd61e1643d2205169732f29114bc240b3,30.015162932654857,EOA,Contract
2021-09-24 14:03:59+00:00,0xae7861c80d03826837a50b45aecf11ec677f6586,0xd9e1ce17f2641f24ae83637ab66a2cca9c378b9f,32.0,EOA,Contract
2021-09-24 14:03:59+00:00,0x86d9c1feb4fabc6a269e68c655f0e6095aa876c1,0xd9e1ce17f2641f24ae83637ab66a2cca9c378b9f,50.0,EOA,Contract
2021-09-24 14:04:26+00:00,0x8afd8542540a2c5ce26d01ac3ae6cc1e9c32568f,0x4ad64983349c49defe8d7a4686202d24b25d0ce8,547.956647554,EOA,EOA
2021-09-24 14:04:26+00:00,0xc098b2a3aa256d2140208c3de6543aaef5cd3a94,0xcf6df1a8ff5c8759919797d20e0747d493055760,1009.2975,EOA,Contract
2021-09-24 14:04:26+00:00,0xc3b1f7ab9fabd729cdf9e90ea54ec447f9464269,0xc4c319e2d4d66cca4464c0c2b32c9bd23ebe784e,39.5,EOA,Contract
2021-09-24 14:04:26+00:00,0xc098b2a3aa256d2140208c3de6543aaef5cd3a94,0x4f4f1c4118b2cc4fdb692b3073321c591ed1ae89,296.9975,EOA,EOA
2021-09-24 14:04:26+00:00,0x87c247033093db41c9ed549b12c599506b010960,0x476b606f714d9975c4c609f0292119524129fe69,150.0,EOA,EOA
2021-09-24 14:05:31+00:00,0x9c1e39ed5faf52d178ae83d1d02c19316a2efd0e,0x1d4fbafbe6b240313e96f92218d93b3eb7a7fbd4,1996.82,EOA,EOA
2021-09-24 14:05:31+00:00,0x0d0707963952f2fba59dd06f2b425ace40b492fe,0x511d9b1cb812bd3000ed5e8b16a596d318219357,32.62,EOA,Contract
2021-09-24 14:05:41+00:00,0x28c6c06298d514db089934071355e5743bf21d60,0x83c6c03f6c33dc30621ac791da253abdcd088954,174.995,EOA,EOA
2021-09-24 14:06:08+00:00,0x4ea6413f882dd53ee65c7a890fd0be55c25061eb,0xcdcdaef64f1f9a759c9e267a3b8920fc5ccea664,175.45,EOA,EOA
2021-09-24 14:06:08+00:00,0x1149e9143c407f3be1df24c463e48963c6de1715,0x27e9f4748a2eb776be193a1f7dec2bb6daafe9cf,1363.917541437,EOA,EOA
2021-09-24 14:06:08+00:00,0x4976a4a02f38326660d17bf34b431dc6e2eb2327,0x6594c9a52ecceb4189ac859210b3d1073813c3e4,299.875,EOA,EOA
2021-09-24 14:06:13+00:00,0xa7efae728d2936e78bda97dc267687568dd593f3,0x683faa3bc88327c842bdb63b65fd13cc59d05da5,185.0,EOA,EOA
2021-09-24 14:06:33+00:00,0xf66852bc122fd40bfecc63cd48217e88bda12109,0xf584f8728b874a6a5c7a8d4d387c9aae9172d621,1616.0,EOA,EOA
2021-09-24 14:06:33+00:00,0x9696f59e4d72e237be84ffd425dcad154bf96976,0xedc7001e99a37c3d23b5f7974f837387e09f9c93,700.995,EOA,EOA
2021-09-24 14:06:59+00:00,0x83c6c03f6c33dc30621ac791da253abdcd088954,0x25eaff5b179f209cf186b1cdcbfa463a69df4c45,174.991913735,EOA,EOA
2021-09-24 14:07:06+00:00,0x07a5601921806c07a7688018638e180375250dae,0x9c19b0497997fe9e75862688a295168070456951,249.99621052505572,EOA,EOA
2021-09-24 14:07:06+00:00,0xae7861c80d03826837a50b45aecf11ec677f6586,0xd9e1ce17f2641f24ae83637ab66a2cca9c378b9f,31.156885307180794,EOA,Contract
2021-09-24 14:07:06+00:00,0xedc7001e99a37c3d23b5f7974f837387e09f9c93,0x3cd751e6b0078be393132286c442345e5dc49699,700.9934054110639,EOA,EOA
2021-09-24 14:07:06+00:00,0xa683c1b815997a7fa38f6178c84675fc4c79ac2b,0xd9e1ce17f2641f24ae83637ab66a2cca9c378b9f,48.0,EOA,Contract
2021-09-24 14:07:06+00:00,0x683faa3bc88327c842bdb63b65fd13cc59d05da5,0x876eabf441b2ee5b5b0554fd502a8e0600950cfa,184.99753723,EOA,EOA
2021-09-24 14:07:06+00:00,0x4a88ba806115b0a1a3c6219a52ecc2db51dc16f9,0xd9e1ce17f2641f24ae83637ab66a2cca9c378b9f,32.78341944454719,EOA,Contract
2021-09-24 14:07:35+00:00,0x253ff8d3b639243e2c9c4a36a4c461aa7fc5fe0d,0x9ba3560231e3e0ad7dde23106f5b98c72e30b468,319.5,EOA,EOA
2021-09-24 14:07:35+00:00,0xff3a852bd9abd377ad9a49d5e8b786770f775f61,0xc02aaa39b223fe8d0a0e5c4f27ead9083c756cc2,66.83,EOA,Contract
2021-09-24 14:07:35+00:00,0x4976a4a02f38326660d17bf34b431dc6e2eb2327,0xc3f797f0593f089a7b1a125110d585cc6f89281f,1300.995,EOA,EOA
2021-09-24 14:08:51+00:00,0x9c1e39ed5faf52d178ae83d1d02c19316a2efd0e,0x775ecae353ce2b57340f1357bec259e980e2a713,600.0,EOA,EOA
2021-09-24 14:08:57+00:00,0xe1e5038f3be162b128b5fe128ca099762b1c426a,0x11111112542d85b3ef69ae05771c2dccff4faa26,100.0,EOA,Contract
2021-09-24 14:08:59+00:00,0xa7efae728d2936e78bda97dc267687568dd593f3,0xf584f8728b874a6a5c7a8d4d387c9aae9172d621,180.0,EOA,EOA
2021-09-24 14:09:03+00:00,0xb5cebb87ff1a48ca28abc25b4584ff5148d1808e,0xe8befc4ae8cba19287fbca84b1af26124f7dc3df,1000.0,EOA,EOA
2021-09-24 14:09:15+00:00,0xd24400ae8bfebb18ca49be86258a3c749cf46853,0xf584f8728b874a6a5c7a8d4d387c9aae9172d621,718.0,EOA,EOA
2021-09-24 14:09:15+00:00,0x9696f59e4d72e237be84ffd425dcad154bf96976,0x6dfb6745e3a40b6655024e8daaaa08523350dcf3,409.995043,EOA,EOA
2021-09-24 14:09:39+00:00,0xa7efae728d2936e78bda97dc267687568dd593f3,0x000e20a2eefa97815f3f5057fcd8920acf1ae0de,163.896,EOA,EOA
2021-09-24 14:10:16+00:00,0x5620cbd6626669953e302ebe68608e0bc1c1b206,0xeb2629a2734e272bcc07bda959863f316f4bd4cf,224.65956284676648,EOA,EOA
2021-09-24 14:10:18+00:00,0xb5d85cbf7cb3ee0d56b3bb207d5fc4b82f43f511,0x5ce1d8a6b52bb3c4e44651cc3e38856973a55e0a,393.9490517752614,EOA,EOA
2021-09-24 14:10:18+00:00,0xb5d85cbf7cb3ee0d56b3bb207d5fc4b82f43f511,0xf79a1844e66e4f89d755bc99941078dff4e99218,228.13487816442725,EOA,EOA
2021-09-24 14:10:18+00:00,0xeb2629a2734e272bcc07bda959863f316f4bd4cf,0x5ce1d8a6b52bb3c4e44651cc3e38856973a55e0a,393.9490517752614,EOA,EOA
2021-09-24 14:10:25+00:00,0x28c6c06298d514db089934071355e5743bf21d60,0xa68b437b38bfa3dad21915fd6513e5d8fda77574,158.995,EOA,EOA
2021-09-24 14:10:25+00:00,0x6594c9a52ecceb4189ac859210b3d1073813c3e4,0x4ad64983349c49defe8d7a4686202d24b25d0ce8,1199.433871942,EOA,EOA
2021-09-24 14:10:59+00:00,0x56178a0d5f301baf6cf3e1cd53d9863437345bf9,0xc02aaa39b223fe8d0a0e5c4f27ead9083c756cc2,180.00316849608274,EOA,Contract
2021-09-24 14:11:24+00:00,0xa912b5a209290058fa6016f9745eff62f0a1bfd2,0x1a7e21c0836140581854c496aed0cee76ca27524,168.0,EOA,Contract
2021-09-24 14:11:27+00:00,0x28c6c06298d514db089934071355e5743bf21d60,0x1029dc145a9f75791fa43d1b92a7628ccea584ee,132.04768091,EOA,Contract
2021-09-24 14:11:33+00:00,0xe1e5038f3be162b128b5fe128ca099762b1c426a,0x11111112542d85b3ef69ae05771c2dccff4faa26,100.0,EOA,Contract
2021-09-24 14:11:33+00:00,0x2cfcbd233268c302996c767347eb45bec36fb08d,0x11111112542d85b3ef69ae05771c2dccff4faa26,75.0,EOA,Contract
2021-09-24 14:11:56+00:00,0x4976a4a02f38326660d17bf34b431dc6e2eb2327,0xc3f797f0593f089a7b1a125110d585cc6f89281f,1200.08398013,EOA,EOA
2021-09-24 14:11:58+00:00,0xa7efae728d2936e78bda97dc267687568dd593f3,0x6b06eb7aef2d2515cc2385f141154fc266057fb8,450.0,EOA,Contract
2021-09-24 14:11:58+00:00,0x9a5e4d421d72bc1835e6a7b9658ca1924d12d0e0,0xeea3311250fe4c3268f8e684f7c87a82ff183ec1,61.26220123211704,EOA,Contract
2021-09-24 14:12:09+00:00,0x73f8fc2e74302eb2efda125a326655acf0dc2d1b,0xe5782724e87bcd5a1f48737ff6cfeaf875ab5873,999.9862,EOA,EOA
2021-09-24 14:12:09+00:00,0x9c1e39ed5faf52d178ae83d1d02c19316a2efd0e,0x66ecc8c617c9bedf3ea883f8a0b458d983f9a34f,567.57,EOA,EOA
2021-09-24 14:12:21+00:00,0x267be1c1d684f78cb4f6a176c4911b741e4ffdc0,0x004346a93b231c73de8b71d53161c75bd67129e5,1069.89919552,EOA,EOA
2021-09-24 14:12:50+00:00,0x3d0846b5265427858299956b87d1ac0ba1eb1d2e,0xfa52274dd61e1643d2205169732f29114bc240b3,36.41370130206999,EOA,Contract
2021-09-24 14:13:31+00:00,0x33566c9d8be6cf0b23795e0d380e112be9d75836,0x220eadf10315dcb744cb4c12d3d8d5f3d1028336,1000.0,EOA,EOA
2021-09-24 14:13:31+00:00,0xb3a2d279944eb67b9693713a6951e84ec12084cf,0x0b20f80bc637c1cbb6033ec8a9b14522e796a11f,4889.173079742192,EOA,EOA
2021-09-24 14:13:31+00:00,0xcdac3504e4f3a87199a98a5214245c4e09a86bbe,0x6254b927ecc25ddd233aaecd5296d746b1c006b4,199.99790335380348,EOA,EOA
2021-09-24 14:13:48+00:00,0xc098b2a3aa256d2140208c3de6543aaef5cd3a94,0x30f39320f42a738af8bcd1811e6407f36e0248f8,166.103,EOA,EOA
2021-09-24 14:13:48+00:00,0x0b20f80bc637c1cbb6033ec8a9b14522e796a11f,0xfa52274dd61e1643d2205169732f29114bc240b3,4889.168026604516,EOA,Contract
2021-09-24 14:13:48+00:00,0x56eddb7aa87536c09ccc2793473599fd21a8b17f,0xad6eaa735d9df3d7696fd03984379dae02ed8862,1499.995,EOA,EOA
2021-09-24 14:13:48+00:00,0x12ef97e205cd3de60fb1c1e073403277be080fea,0xfa52274dd61e1643d2205169732f29114bc240b3,46.55041773773656,EOA,Contract
2021-09-24 14:13:48+00:00,0xe1e5038f3be162b128b5fe128ca099762b1c426a,0x11111112542d85b3ef69ae05771c2dccff4faa26,100.0,EOA,Contract
2021-09-24 14:14:43+00:00,0xfc7e2b665062b127047171ebb5000d53880bc88c,0xd9e1ce17f2641f24ae83637ab66a2cca9c378b9f,31.63915510617128,EOA,Contract
2021-09-24 14:14:53+00:00,0x33566c9d8be6cf0b23795e0d380e112be9d75836,0x45d64dcc339a0c45d4c89582f9c4c126346c4c68,1000.0,EOA,EOA
2021-09-24 14:14:53+00:00,0x498f2779d27424221267c2e2ea271b8c91c78b0a,0x03f34be1bf910116595db1b11e9d1b2ca5d59659,45.0,EOA,Contract
2021-09-24 14:14:53+00:00,0x5a27dbbff05f36dc927137855e3381f0c20c1cdd,0x03ae1a796dfe0400439211133d065bda774b9d3e,500.0,EOA,EOA
2021-09-24 14:15:08+00:00,0xa7efae728d2936e78bda97dc267687568dd593f3,0x27657456fa991568a1c0e61f4db4f35105e54eb1,342.85,EOA,EOA
2021-09-24 14:15:08+00:00,0x75b4f9db952bf5878b5836527058c8426e8fff8d,0x54f6a2c2592d05ca1d4c5bec6b9f573f5c884cd1,30.27014831,EOA,Contract
2021-09-24 14:15:56+00:00,0x220eadf10315dcb744cb4c12d3d8d5f3d1028336,0x73f8fc2e74302eb2efda125a326655acf0dc2d1b,1000.023836158,EOA,EOA
2021-09-24 14:15:56+00:00,0x45d64dcc339a0c45d4c89582f9c4c126346c4c68,0xa7efae728d2936e78bda97dc267687568dd593f3,1000.00090779,EOA,EOA
2021-09-24 14:17:33+00:00,0x5fd0ef9a239e1979a1db7a775303a0911d987206,0x6254b927ecc25ddd233aaecd5296d746b1c006b4,199.9980481268183,EOA,EOA
2021-09-24 14:17:56+00:00,0x71e6da8e35d25dbdff7d4b9099a68b9068bf51ae,0xa559e9d173ad780f1db4d182fa24a0607d31c921,486.06042913,EOA,EOA
2021-09-24 14:17:56+00:00,0x987f5f4a6fc6a46fdf58d1e1770564818a81e559,0xe592427a0aece92de3edee1f18e0157c05861564,32.5,EOA,Contract
2021-09-24 14:17:56+00:00,0x27e9f4748a2eb776be193a1f7dec2bb6daafe9cf,0xef813dd7e2ab57c63a4bbecaf7cb3600aa7e7e75,35.11,EOA,Contract
2021-09-24 14:18:18+00:00,0xa7efae728d2936e78bda97dc267687568dd593f3,0x9cb05f615b0e9b694b18abb62a10d943655e7b65,482.56,EOA,EOA
2021-09-24 14:18:54+00:00,0x92d9af6990abeed7b0439be5ec6e3317218db18e,0xfa52274dd61e1643d2205169732f29114bc240b3,101.25262359737796,EOA,Contract
2021-09-24 14:18:57+00:00,0x9696f59e4d72e237be84ffd425dcad154bf96976,0x0e630dc7ba2de34887ac7173f9d480070c810526,350.0,EOA,EOA
2021-09-24 14:19:07+00:00,0x741aa7cfb2c7bf2a1e7d4da2e3df6a56ca4131f3,0xc36442b4a4522e871399cd717abdd847ab11fe88,1038.0,EOA,Contract
2021-09-24 14:19:07+00:00,0x0ac545310921e4885dc4cf5f758d7c49e8974482,0xf8317bd5f48b6fe608a52b48c856d3367540b73b,136.0,EOA,Contract
2021-09-24 14:19:09+00:00,0x73f8fc2e74302eb2efda125a326655acf0dc2d1b,0xe5782724e87bcd5a1f48737ff6cfeaf875ab5873,499.9877,EOA,EOA
2021-09-24 14:19:09+00:00,0xf66852bc122fd40bfecc63cd48217e88bda12109,0xe5782724e87bcd5a1f48737ff6cfeaf875ab5873,299.9596,EOA,EOA
2021-09-24 14:19:15+00:00,0x03ae1a796dfe0400439211133d065bda774b9d3e,0xa7efae728d2936e78bda97dc267687568dd593f3,500.00439679,EOA,EOA
2021-09-24 14:19:36+00:00,0x741aa7cfb2c7bf2a1e7d4da2e3df6a56ca4131f3,0xc36442b4a4522e871399cd717abdd847ab11fe88,3300.0,EOA,Contract
2021-09-24 14:19:38+00:00,0xdfd5293d8e347dfe59e90efd55b2956a1343963d,0x32d4703e5834f1b474b17dfdb0ac32cc22575145,722.995,EOA,EOA
2021-09-24 14:20:09+00:00,0x756ff1c7c714aa72b3c117d984cbe3f917626c10,0x1eb5e5b0e9ce4cc43154e91e990e4f37945f206a,52.5,EOA,Contract
2021-09-24 14:20:42+00:00,0xb853ceb4d30ebfc30924db42d90111d51662bb8a,0xa96a65c051bf88b4095ee1f2451c2a9d43f53ae2,90.0,EOA,Contract
2021-09-24 14:21:17+00:00,0xa7efae728d2936e78bda97dc267687568dd593f3,0x6b06eb7aef2d2515cc2385f141154fc266057fb8,450.0,EOA,Contract
2021-09-24 14:21:17+00:00,0xfc7e2b665062b127047171ebb5000d53880bc88c,0xd9e1ce17f2641f24ae83637ab66a2cca9c378b9f,31.42330226423833,EOA,Contract
2021-09-24 14:21:17+00:00,0x90e0fd10e65276af0caea186c15cfb06bdd684b4,0x4ddc2d193948926d02f9b1fe9e1daa0718270ed5,39.0,EOA,Contract
2021-09-24 14:21:25+00:00,0xa9264494a92ced04747ac84fc9ca5a0b9549b491,0xb01cb49fe0d6d6e47edf3a072d15dfe73155331c,537.2434017106901,EOA,EOA
2021-09-24 14:21:25+00:00,0x022ae2476193d48287ada036f6e91de3784beee9,0xb01cb49fe0d6d6e47edf3a072d15dfe73155331c,444.73951872100804,EOA,EOA
2021-09-24 14:21:49+00:00,0x775ecae353ce2b57340f1357bec259e980e2a713,0xf50b23d2a3ae6ac434493812408b2c292ea6e1e8,600.0,EOA,EOA
2021-09-24 14:21:49+00:00,0xdfd5293d8e347dfe59e90efd55b2956a1343963d,0x6594c9a52ecceb4189ac859210b3d1073813c3e4,299.835,EOA,EOA
2021-09-24 14:21:49+00:00,0x3b15cec2d922ab0ef74688bcc1056461049f89cb,0xf8317bd5f48b6fe608a52b48c856d3367540b73b,130.0,EOA,Contract
2021-09-24 14:22:07+00:00,0xa7efae728d2936e78bda97dc267687568dd593f3,0x84b38bc60f3bd82640ecefa320dab2be62e2da15,440.0,EOA,EOA
2021-09-24 14:22:17+00:00,0x032560c924fc8e91faea24334302221c553c2f0c,0x6bc9ab591691d083bb4045d8baadd57248096a6a,201.07696193511885,EOA,EOA
2021-09-24 14:22:20+00:00,0x0e630dc7ba2de34887ac7173f9d480070c810526,0xd9e1ce17f2641f24ae83637ab66a2cca9c378b9f,350.0,EOA,Contract
2021-09-24 14:22:20+00:00,0x73f8fc2e74302eb2efda125a326655acf0dc2d1b,0xf731bbd541ce1e1f7c8c8fc2f7ef782961e2da46,174.93987201,EOA,EOA
2021-09-24 14:22:20+00:00,0x86d9c1feb4fabc6a269e68c655f0e6095aa876c1,0xd9e1ce17f2641f24ae83637ab66a2cca9c378b9f,50.0,EOA,Contract
2021-09-24 14:22:20+00:00,0xae7861c80d03826837a50b45aecf11ec677f6586,0xd9e1ce17f2641f24ae83637ab66a2cca9c378b9f,32.0,EOA,Contract
2021-09-24 14:22:20+00:00,0x84b38bc60f3bd82640ecefa320dab2be62e2da15,0xfa52274dd61e1643d2205169732f29114bc240b3,439.9957649969092,EOA,Contract
2021-09-24 14:23:04+00:00,0xb01cb49fe0d6d6e47edf3a072d15dfe73155331c,0x111cff45948819988857bbf1966a0399e0d1141e,1059.0,EOA,Contract
2021-09-24 14:23:04+00:00,0xa5f27306050a0cfc6c8e4ee5cfb99cbe9de87191,0xa8b39829ce2246f89b31c013b8cde15506fb9a76,180.0,EOA,Contract
2021-09-24 14:23:04+00:00,0x86d9c1feb4fabc6a269e68c655f0e6095aa876c1,0xd9e1ce17f2641f24ae83637ab66a2cca9c378b9f,50.0,EOA,Contract
2021-09-24 14:23:04+00:00,0x2560b0fc3c7cc12918d1418316fa4b0bcebc13fc,0xb47e3cd837ddf8e4c57f05d70ab865de6e193bbb,115.0,EOA,Contract
2021-09-24 14:24:49+00:00,0xa559e9d173ad780f1db4d182fa24a0607d31c921,0x7d9ef9e697728b949b95fc9e2151441725e3d86d,483.6297,EOA,EOA
2021-09-24 14:25:31+00:00,0x6bc9ab591691d083bb4045d8baadd57248096a6a,0x722122df12d4e14e13ac3b6895a86e84145b6967,100.0,EOA,Contract
2021-09-24 14:25:31+00:00,0x27e9f4748a2eb776be193a1f7dec2bb6daafe9cf,0xe5782724e87bcd5a1f48737ff6cfeaf875ab5873,499.9086,EOA,EOA
2021-09-24 14:26:00+00:00,0x73f8fc2e74302eb2efda125a326655acf0dc2d1b,0xbc772a2f76d2f76c25ff6cb6be8276663fc1410c,189.396,EOA,EOA
2021-09-24 14:26:16+00:00,0xe815c19abef49d1a6cee179a0d03dcd950448269,0xc02aaa39b223fe8d0a0e5c4f27ead9083c756cc2,43.60491560323014,EOA,Contract
2021-09-24 14:26:16+00:00,0xc333e80ef2dec2805f239e3f1e810612d294f771,0x5077bad139cde8e7865a9f6d4c147c21bb13828e,300.0,EOA,EOA
2021-09-24 14:26:16+00:00,0x6bc9ab591691d083bb4045d8baadd57248096a6a,0x722122df12d4e14e13ac3b6895a86e84145b6967,100.0,EOA,Contract
2021-09-24 14:26:50+00:00,0xdfd5293d8e347dfe59e90efd55b2956a1343963d,0xc5ed2333f8a2c351fca35e5ebadb2a82f5d254c3,10008.995,EOA,EOA
2021-09-24 14:27:01+00:00,0x848d47d6a68fc0ce61e234257fa7024c59d331dc,0xc02aaa39b223fe8d0a0e5c4f27ead9083c756cc2,48.46374257820335,EOA,Contract
2021-09-24 14:28:43+00:00,0xce429156fd7a69ee9c5ebdbaad7428c42823afec,0x40879ce5375e02ecd40bc378792112ef8c465491,501.0,EOA,EOA
2021-09-24 14:28:43+00:00,0x3b15cec2d922ab0ef74688bcc1056461049f89cb,0xc02aaa39b223fe8d0a0e5c4f27ead9083c756cc2,140.0,EOA,Contract
2021-09-24 14:28:43+00:00,0xdfd5293d8e347dfe59e90efd55b2956a1343963d,0xedc7001e99a37c3d23b5f7974f837387e09f9c93,710.995,EOA,EOA
2021-09-24 14:29:29+00:00,0x56eddb7aa87536c09ccc2793473599fd21a8b17f,0xc5ed2333f8a2c351fca35e5ebadb2a82f5d254c3,10001.995,EOA,EOA
2021-09-24 14:29:29+00:00,0x9696f59e4d72e237be84ffd425dcad154bf96976,0xc5ed2333f8a2c351fca35e5ebadb2a82f5d254c3,10000.995,EOA,EOA
2021-09-24 14:29:29+00:00,0x18744edacc3d4255f8c97809444f38c6a2d6a686,0x4ddc2d193948926d02f9b1fe9e1daa0718270ed5,37.0,EOA,Contract
2021-09-24 14:29:57+00:00,0xb5d85cbf7cb3ee0d56b3bb207d5fc4b82f43f511,0x5ce1d8a6b52bb3c4e44651cc3e38856973a55e0a,394.5553537138728,EOA,EOA
2021-09-24 14:29:57+00:00,0xa68b437b38bfa3dad21915fd6513e5d8fda77574,0xf60c2ea62edbfe808163751dd0d8693dcb30019c,158.989741155,EOA,EOA
2021-09-24 14:30:22+00:00,0x28c6c06298d514db089934071355e5743bf21d60,0xdfd5293d8e347dfe59e90efd55b2956a1343963d,21547.3128815,EOA,EOA
2021-09-24 14:30:22+00:00,0x28c6c06298d514db089934071355e5743bf21d60,0x56eddb7aa87536c09ccc2793473599fd21a8b17f,21802.15800608,EOA,EOA
2021-09-24 14:30:22+00:00,0xa7efae728d2936e78bda97dc267687568dd593f3,0x2b263f27527f826b2816c349198aea974f9ef065,399.996,EOA,EOA
2021-09-24 14:30:22+00:00,0xa40dfee99e1c85dc97fdc594b16a460717838703,0x00000000219ab540356cbb839cbe05303d7705fa,32.0,EOA,Contract
2021-09-24 14:30:22+00:00,0x28c6c06298d514db089934071355e5743bf21d60,0x9696f59e4d72e237be84ffd425dcad154bf96976,23359.31716317,EOA,EOA
2021-09-24 14:30:22+00:00,0x0577a79cfc63bbc0df38833ff4c4a3bf2095b404,0x22f1e4fa15c3c1dda5264234117975eaaca1fdf2,199.995,EOA,EOA
2021-09-24 14:31:16+00:00,0x856ea66458ca066f6113f0a13e5b1bd78c5ec380,0xc36442b4a4522e871399cd717abdd847ab11fe88,400.0,EOA,Contract
2021-09-24 14:31:17+00:00,0x5077bad139cde8e7865a9f6d4c147c21bb13828e,0x28c6c06298d514db089934071355e5743bf21d60,299.994707468,EOA,EOA
2021-09-24 14:31:17+00:00,0x4976a4a02f38326660d17bf34b431dc6e2eb2327,0xe3792a9c235d434b702023b33f03c48c41631090,179.90696665,EOA,EOA
2021-09-24 14:31:17+00:00,0xe8befc4ae8cba19287fbca84b1af26124f7dc3df,0x28c6c06298d514db089934071355e5743bf21d60,999.996577,EOA,EOA
2021-09-24 14:31:17+00:00,0x27657456fa991568a1c0e61f4db4f35105e54eb1,0x28c6c06298d514db089934071355e5743bf21d60,342.85385,EOA,EOA
2021-09-24 14:31:17+00:00,0x3229149012a035ef51d724e0343eb31ce3e4bb7d,0x28c6c06298d514db089934071355e5743bf21d60,1307.697571852,EOA,EOA
2021-09-24 14:31:17+00:00,0x6d1a89e965678eb0a21cf8c7dbbb0e52d3e9f408,0x28c6c06298d514db089934071355e5743bf21d60,187.974610235,EOA,EOA
2021-09-24 14:31:17+00:00,0xe5782724e87bcd5a1f48737ff6cfeaf875ab5873,0x28c6c06298d514db089934071355e5743bf21d60,2299.838782,EOA,EOA
2021-09-24 14:31:17+00:00,0x28c6c06298d514db089934071355e5743bf21d60,0xc5ed2333f8a2c351fca35e5ebadb2a82f5d254c3,10002.995,EOA,EOA
2021-09-24 14:31:17+00:00,0xf731bbd541ce1e1f7c8c8fc2f7ef782961e2da46,0x28c6c06298d514db089934071355e5743bf21d60,174.946205863,EOA,EOA
2021-09-24 14:31:17+00:00,0xedc7001e99a37c3d23b5f7974f837387e09f9c93,0xeb2629a2734e272bcc07bda959863f316f4bd4cf,710.992736077372,EOA,EOA
2021-09-24 14:31:17+00:00,0x9cb05f615b0e9b694b18abb62a10d943655e7b65,0x28c6c06298d514db089934071355e5743bf21d60,483.533440448,EOA,EOA
2021-09-24 14:31:17+00:00,0x9696f59e4d72e237be84ffd425dcad154bf96976,0xc5ed2333f8a2c351fca35e5ebadb2a82f5d254c3,10003.995,EOA,EOA
2021-09-24 14:32:11+00:00,0xc77fa6c05b4e472feee7c0f9b20e70c5bf33a99b,0xc02aaa39b223fe8d0a0e5c4f27ead9083c756cc2,100.0,EOA,Contract
2021-09-24 14:32:11+00:00,0xf50b23d2a3ae6ac434493812408b2c292ea6e1e8,0x0d350b11edd4297c770df5c9e0491ee6bc37da31,499.99548909448816,EOA,EOA
2021-09-24 14:32:11+00:00,0x18744edacc3d4255f8c97809444f38c6a2d6a686,0x4ddc2d193948926d02f9b1fe9e1daa0718270ed5,40.0,EOA,Contract
2021-09-24 14:32:11+00:00,0x9a7510de216611750569eeed1842503f2dc3a428,0xe592427a0aece92de3edee1f18e0157c05861564,38.4,EOA,Contract
2021-09-24 14:32:35+00:00,0xb5d85cbf7cb3ee0d56b3bb207d5fc4b82f43f511,0xcbd878aa56be30cbe25dd042ed10fa3336bc049a,507.911,EOA,EOA
2021-09-24 14:32:37+00:00,0xfbf4b89b5e852bb9045fbe531185e02c45fdb0d0,0x954c8a1909e69c645945d92e4abc25794d2c854c,150.0,EOA,EOA
2021-09-24 14:32:37+00:00,0xcbc98b656312eec3d7a1224efedb5b6119faf974,0xfa52274dd61e1643d2205169732f29114bc240b3,79.46150688576685,EOA,Contract
2021-09-24 14:33:34+00:00,0x9a7510de216611750569eeed1842503f2dc3a428,0xe592427a0aece92de3edee1f18e0157c05861564,38.4,EOA,Contract
2021-09-24 14:33:34+00:00,0xcbd878aa56be30cbe25dd042ed10fa3336bc049a,0xc098b2a3aa256d2140208c3de6543aaef5cd3a94,507.90807617,EOA,EOA
2021-09-24 14:33:34+00:00,0x0d350b11edd4297c770df5c9e0491ee6bc37da31,0xc098b2a3aa256d2140208c3de6543aaef5cd3a94,499.9925652644881,EOA,EOA
2021-09-24 14:33:34+00:00,0x267be1c1d684f78cb4f6a176c4911b741e4ffdc0,0x2db8a54c3d3b16146efaf7b9a776d94e259c8d80,192.40081,EOA,EOA
2021-09-24 14:33:48+00:00,0x308e78bf7848863bf75a1eb93bbd2b64da7da2c5,0xe592427a0aece92de3edee1f18e0157c05861564,42.8,EOA,Contract
2021-09-24 14:34:08+00:00,0xa7efae728d2936e78bda97dc267687568dd593f3,0x6b06eb7aef2d2515cc2385f141154fc266057fb8,450.0,EOA,Contract
2021-09-24 14:34:13+00:00,0xb0dd2ab61cff3144f7f55ad425ad894400b15d93,0x00000000219ab540356cbb839cbe05303d7705fa,32.0,EOA,Contract
2021-09-24 14:34:13+00:00,0x76c49d0e2b00ded0611862f0713c624a9bd0a432,0xb5d85cbf7cb3ee0d56b3bb207d5fc4b82f43f511,1877.767190116773,EOA,EOA
2021-09-24 14:34:13+00:00,0x86f3bd96d6eaf4591c4414867b8695bc533c42dc,0x1149e9143c407f3be1df24c463e48963c6de1715,1367.621451,EOA,EOA
2021-09-24 14:34:43+00:00,0xf66852bc122fd40bfecc63cd48217e88bda12109,0x9cb05f615b0e9b694b18abb62a10d943655e7b65,757.95778022,EOA,EOA
2021-09-24 14:35:00+00:00,0x18744edacc3d4255f8c97809444f38c6a2d6a686,0x4ddc2d193948926d02f9b1fe9e1daa0718270ed5,70.0,EOA,Contract
2021-09-24 14:35:00+00:00,0xc098b2a3aa256d2140208c3de6543aaef5cd3a94,0x64f415af84986641de70f3029e56b90b93189494,49.8545,EOA,Contract
2021-09-24 14:35:00+00:00,0x064915a4dd54fabca5613be602d8b904cac25610,0xd8d06101499c13a733f817a2fed0cbfb6bd1e0a7,200.2,EOA,EOA
2021-09-24 14:37:16+00:00,0xdfd5293d8e347dfe59e90efd55b2956a1343963d,0xef63310d0f6b5f1a85e3855b56e747688c8ff3df,251.16153582,EOA,EOA
2021-09-24 14:38:17+00:00,0x27e9f4748a2eb776be193a1f7dec2bb6daafe9cf,0x511d9b1cb812bd3000ed5e8b16a596d318219357,31.95,EOA,Contract
2021-09-24 14:38:59+00:00,0x953533d6d085c503f6ec78a66cb2f454d090faed,0x11111112542d85b3ef69ae05771c2dccff4faa26,30.0,EOA,Contract
2021-09-24 14:38:59+00:00,0x1149e9143c407f3be1df24c463e48963c6de1715,0x27e9f4748a2eb776be193a1f7dec2bb6daafe9cf,1367.686963932,EOA,EOA
2021-09-24 14:39:41+00:00,0x30a7ce8040713ea1823edea7f40a39729aa1f0fc,0x722122df12d4e14e13ac3b6895a86e84145b6967,100.0,EOA,Contract
2021-09-24 14:39:58+00:00,0xb5d85cbf7cb3ee0d56b3bb207d5fc4b82f43f511,0x5ce1d8a6b52bb3c4e44651cc3e38856973a55e0a,394.5553537138728,EOA,EOA
2021-09-24 14:39:58+00:00,0x73f8fc2e74302eb2efda125a326655acf0dc2d1b,0xf584f8728b874a6a5c7a8d4d387c9aae9172d621,475.0,EOA,EOA
2021-09-24 14:39:58+00:00,0xb5d85cbf7cb3ee0d56b3bb207d5fc4b82f43f511,0x5ce1d8a6b52bb3c4e44651cc3e38856973a55e0a,394.5553537138728,EOA,EOA
2021-09-24 14:39:58+00:00,0x3cd751e6b0078be393132286c442345e5dc49699,0x5ce1d8a6b52bb3c4e44651cc3e38856973a55e0a,394.5553537138728,EOA,EOA
2021-09-24 14:40:31+00:00,0x28c6c06298d514db089934071355e5743bf21d60,0x6594c9a52ecceb4189ac859210b3d1073813c3e4,299.835,EOA,EOA
2021-09-24 14:40:31+00:00,0x9c1e39ed5faf52d178ae83d1d02c19316a2efd0e,0x9cc4c53164f83887f17756e91dc0b9ef2e183775,1640.04,EOA,EOA
2021-09-24 14:41:06+00:00,0x53afeb120edce5d778cab7de76d34f5fcd92c7d0,0x756739b4c783d5e6f6cb224debb0fe185eb5206f,1730.0,EOA,Contract
2021-09-24 14:41:13+00:00,0x9696f59e4d72e237be84ffd425dcad154bf96976,0xf584f8728b874a6a5c7a8d4d387c9aae9172d621,421.0,EOA,EOA
2021-09-24 14:41:38+00:00,0xef63310d0f6b5f1a85e3855b56e747688c8ff3df,0x58c2cb4a6bee98c309215d0d2a38d7f8aa71211c,251.15891082,EOA,EOA
2021-09-24 14:42:31+00:00,0xe58b7265d56c4a1465ca44357d33c240d0cef6ca,0xd9e1ce17f2641f24ae83637ab66a2cca9c378b9f,64.0,EOA,Contract
2021-09-24 14:42:33+00:00,0x03490e013f47390aea78707a33a23c8d674e283a,0x658dd79a72f982bba6178539e6669c1518a370e4,188.0,EOA,EOA
2021-09-24 14:43:08+00:00,0xf8d8682604118c7a4101e06b0ff5c8d0befc8652,0x022ae2476193d48287ada036f6e91de3784beee9,200.0,EOA,EOA
2021-09-24 14:43:53+00:00,0x55e4d16f9c3041eff17ca32850662f3e9dddbce7,0x7e234979ae2f7e846eaab791e10f8dc1148d3255,503.28438055156084,EOA,EOA
2021-09-24 14:45:15+00:00,0x73f8fc2e74302eb2efda125a326655acf0dc2d1b,0x11e82f3919c2d775269bb40dfad7ce093b7b47c2,400.0,EOA,EOA
2021-09-24 14:45:15+00:00,0x9696f59e4d72e237be84ffd425dcad154bf96976,0xbaf78688ba78d55f0d913c790855102684190d41,30.69415758,EOA,Contract
2021-09-24 14:45:15+00:00,0x28c6c06298d514db089934071355e5743bf21d60,0xbb26df665c594c723b746f68010d4dedbd441c8c,96.805,EOA,Contract
2021-09-24 14:45:36+00:00,0x28c6c06298d514db089934071355e5743bf21d60,0x83c6c03f6c33dc30621ac791da253abdcd088954,174.995,EOA,EOA
2021-09-24 14:45:36+00:00,0x3476ac8458548f1b77f3803a5612817e2c962577,0x4ddc2d193948926d02f9b1fe9e1daa0718270ed5,30.1,EOA,Contract
2021-09-24 14:45:36+00:00,0x27e9f4748a2eb776be193a1f7dec2bb6daafe9cf,0x1a77c756cf0f960fccff4b05b5d18e97a4b42917,233.81274926,EOA,EOA
2021-09-24 14:46:04+00:00,0xbed6917dc1b2f723c54eadf162c4d7eead870761,0x881d40237659c251811cec9c364ef91dc08d300c,70.0,EOA,Contract
2021-09-24 14:46:04+00:00,0x27e9f4748a2eb776be193a1f7dec2bb6daafe9cf,0xe5782724e87bcd5a1f48737ff6cfeaf875ab5873,299.933,EOA,EOA
2021-09-24 14:46:04+00:00,0x58f56615180a8eea4c462235d9e215f72484b4a3,0x1dc290108e1a60e6ad5ed540ee4cf3ddd6376d74,1249.9974,EOA,EOA
2021-09-24 14:46:22+00:00,0x11e82f3919c2d775269bb40dfad7ce093b7b47c2,0xc098b2a3aa256d2140208c3de6543aaef5cd3a94,399.997006555,EOA,EOA
2021-09-24 14:46:37+00:00,0x83c6c03f6c33dc30621ac791da253abdcd088954,0x25eaff5b179f209cf186b1cdcbfa463a69df4c45,174.99193694,EOA,EOA
2021-09-24 14:47:03+00:00,0x6d21266dfcf5541bee9f67c4837aaa72b3bf9303,0xef110ca3c34a5074d455d687ac98f40c03d16173,110.14557679,EOA,Contract
2021-09-24 14:47:03+00:00,0xa7efae728d2936e78bda97dc267687568dd593f3,0x6def89dd15cda164da034ceae2e7fbb3bc115748,300.0,EOA,EOA
2021-09-24 14:47:03+00:00,0x7f825bd2dcf3b139d476138df8b5eb6c48a6916c,0xdef171fe48cf0115b1d80b88dc8eab59176fee57,100.0,EOA,Contract
2021-09-24 14:47:32+00:00,0x4976a4a02f38326660d17bf34b431dc6e2eb2327,0xad6eaa735d9df3d7696fd03984379dae02ed8862,1399.995,EOA,EOA
2021-09-24 14:47:38+00:00,0xc5ed2333f8a2c351fca35e5ebadb2a82f5d254c3,0xc02aaa39b223fe8d0a0e5c4f27ead9083c756cc2,110690.0,EOA,Contract
2021-09-24 14:47:38+00:00,0x7e234979ae2f7e846eaab791e10f8dc1148d3255,0x58c2cb4a6bee98c309215d0d2a38d7f8aa71211c,503.282028551,EOA,EOA
2021-09-24 14:48:05+00:00,0x3cd751e6b0078be393132286c442345e5dc49699,0xe5782724e87bcd5a1f48737ff6cfeaf875ab5873,299.964294,EOA,EOA
2021-09-24 14:48:05+00:00,0x73f8fc2e74302eb2efda125a326655acf0dc2d1b,0xe5782724e87bcd5a1f48737ff6cfeaf875ab5873,299.9317,EOA,EOA
2021-09-24 14:48:31+00:00,0x56eddb7aa87536c09ccc2793473599fd21a8b17f,0xbc772a2f76d2f76c25ff6cb6be8276663fc1410c,167.795,EOA,EOA
2021-09-24 14:49:14+00:00,0xa98d6170e5b56d198241b321a7fcc96027dfe011,0x2e05f41f4b645a105af722d58ae38ae56f2a102e,189.15634215,EOA,EOA
2021-09-24 14:49:14+00:00,0xae7861c80d03826837a50b45aecf11ec677f6586,0xd9e1ce17f2641f24ae83637ab66a2cca9c378b9f,40.0,EOA,Contract
2021-09-24 14:51:21+00:00,0x000e20a2eefa97815f3f5057fcd8920acf1ae0de,0xefb2e870b14d7e555a31b392541acf002dae6ae9,163.892661,EOA,EOA
2021-09-24 14:51:21+00:00,0x27dcf05781d5f470e80f3c2de28074782d40823d,0xefb2e870b14d7e555a31b392541acf002dae6ae9,439.996661,EOA,EOA
2021-09-24 14:51:31+00:00,0xdfd5293d8e347dfe59e90efd55b2956a1343963d,0x2b97ba59fd099cd48b4a3c8da0d975ccf5e76e7f,513.0,EOA,EOA
2021-09-24 14:51:48+00:00,0x12ef97e205cd3de60fb1c1e073403277be080fea,0xfa52274dd61e1643d2205169732f29114bc240b3,39.250430213232,EOA,Contract
2021-09-24 14:52:27+00:00,0x267be1c1d684f78cb4f6a176c4911b741e4ffdc0,0xd66a08539715e075941895c5e9bc026fbadb410c,540.76305254,EOA,EOA
2021-09-24 14:52:35+00:00,0x0561a78021d8966ddd20c28c6c4318d8675ee1f0,0xdef1c0ded9bec7f1a1670819833240f027b25eff,99.75,EOA,Contract
2021-09-24 14:53:01+00:00,0x4976a4a02f38326660d17bf34b431dc6e2eb2327,0xc0410b0ad4912d3e1d832254d08cd81d68bc584c,787.1,EOA,EOA
2021-09-24 14:53:27+00:00,0xfbdefa573b74dd3fb77a07b387a9341e5642ce39,0xd9e1ce17f2641f24ae83637ab66a2cca9c378b9f,51.5,EOA,Contract
2021-09-24 14:53:45+00:00,0xbc772a2f76d2f76c25ff6cb6be8276663fc1410c,0xb29380ffc20696729b7ab8d093fa1e2ec14dfe2b,189.39291561969125,EOA,EOA
2021-09-24 14:53:45+00:00,0x28c6c06298d514db089934071355e5743bf21d60,0x47ded4fab99c52450169089e1c5f4a1c198202c0,168.07154205,EOA,EOA
2021-09-24 14:54:13+00:00,0xe3792a9c235d434b702023b33f03c48c41631090,0xb29380ffc20696729b7ab8d093fa1e2ec14dfe2b,179.90393447350942,EOA,EOA
2021-09-24 14:54:13+00:00,0x0c98b20eceb6d543c728cd0dda58dfa130b10e2b,0xd9e1ce17f2641f24ae83637ab66a2cca9c378b9f,50.0,EOA,Contract
2021-09-24 14:55:13+00:00,0xb5d85cbf7cb3ee0d56b3bb207d5fc4b82f43f511,0x8387c6fc7b0d31de2b7546a5f528200367d62ef1,232.54226823,EOA,EOA
2021-09-24 14:55:13+00:00,0x7f825bd2dcf3b139d476138df8b5eb6c48a6916c,0x11111112542d85b3ef69ae05771c2dccff4faa26,100.0,EOA,Contract
2021-09-24 14:55:49+00:00,0x9245175fdb2ac373ddf94f4bf50a68f4f5836998,0xec0d3f28d37a3393cf09ee3ad446c485b6afdaa3,33.0,EOA,Contract
2021-09-24 14:56:46+00:00,0xe92ad1b87b46170a1c292d6e822a7b9df0fdd551,0x03f34be1bf910116595db1b11e9d1b2ca5d59659,386.0,EOA,Contract
2021-09-24 14:57:58+00:00,0x9245175fdb2ac373ddf94f4bf50a68f4f5836998,0xec0d3f28d37a3393cf09ee3ad446c485b6afdaa3,33.2,EOA,Contract
2021-09-24 14:58:15+00:00,0xc9610be2843f1618edfedd0860dc43551c727061,0x892e9e24aea3f27f4c6e9360e312cce93cc98ebe,600.0,EOA,EOA
2021-09-24 14:58:15+00:00,0xc333e80ef2dec2805f239e3f1e810612d294f771,0x5077bad139cde8e7865a9f6d4c147c21bb13828e,500.0,EOA,EOA
2021-09-24 14:58:15+00:00,0x56eddb7aa87536c09ccc2793473599fd21a8b17f,0xe3792a9c235d434b702023b33f03c48c41631090,235.74964153,EOA,EOA
2021-09-24 14:59:06+00:00,0xa7efae728d2936e78bda97dc267687568dd593f3,0x0fcb60449e353c9b2584e0367b9eed3e40e1d0d3,305.013865,EOA,EOA
2021-09-24 14:59:06+00:00,0xfbdefa573b74dd3fb77a07b387a9341e5642ce39,0xd9e1ce17f2641f24ae83637ab66a2cca9c378b9f,51.5,EOA,Contract
2021-09-24 14:59:06+00:00,0x56eddb7aa87536c09ccc2793473599fd21a8b17f,0x8afd8542540a2c5ce26d01ac3ae6cc1e9c32568f,175.995,EOA,EOA
2021-09-24 14:59:06+00:00,0xae7861c80d03826837a50b45aecf11ec677f6586,0xd9e1ce17f2641f24ae83637ab66a2cca9c378b9f,40.0,EOA,Contract
2021-09-24 14:59:40+00:00,0x3c1955c998f7c2b4abf15bde3b3987fe6aff8e3a,0xfa52274dd61e1643d2205169732f29114bc240b3,100.094933018346,EOA,Contract
2021-09-24 15:01:12+00:00,0x2533c4d0a4cf1f866ab11646c08d51a935f226ee,0x4ad64983349c49defe8d7a4686202d24b25d0ce8,308.395229604,EOA,EOA
2021-09-24 15:01:34+00:00,0xdcabfa995ac265ac154e13911d28fb7474c7bc2f,0xc02aaa39b223fe8d0a0e5c4f27ead9083c756cc2,100.0,EOA,Contract
2021-09-24 15:01:34+00:00,0x1a77c756cf0f960fccff4b05b5d18e97a4b42917,0x28c6c06298d514db089934071355e5743bf21d60,233.83090126,EOA,EOA
2021-09-24 15:01:34+00:00,0x892e9e24aea3f27f4c6e9360e312cce93cc98ebe,0x28c6c06298d514db089934071355e5743bf21d60,599.999863794,EOA,EOA
2021-09-24 15:01:34+00:00,0xe2c01da8f1421205017d8feca7f03f15e089d93a,0x28c6c06298d514db089934071355e5743bf21d60,180.967318155,EOA,EOA
2021-09-24 15:01:34+00:00,0x2e05f41f4b645a105af722d58ae38ae56f2a102e,0x28c6c06298d514db089934071355e5743bf21d60,189.176431998,EOA,EOA
2021-09-24 15:01:34+00:00,0x9cb05f615b0e9b694b18abb62a10d943655e7b65,0x28c6c06298d514db089934071355e5743bf21d60,757.95496622,EOA,EOA
2021-09-24 15:01:34+00:00,0xe5782724e87bcd5a1f48737ff6cfeaf875ab5873,0x28c6c06298d514db089934071355e5743bf21d60,899.816283128,EOA,EOA
2021-09-24 15:01:34+00:00,0x6def89dd15cda164da034ceae2e7fbb3bc115748,0x28c6c06298d514db089934071355e5743bf21d60,299.998173,EOA,EOA
2021-09-24 15:01:34+00:00,0xd8d06101499c13a733f817a2fed0cbfb6bd1e0a7,0x28c6c06298d514db089934071355e5743bf21d60,200.216831722,EOA,EOA
2021-09-24 15:01:34+00:00,0x40879ce5375e02ecd40bc378792112ef8c465491,0x28c6c06298d514db089934071355e5743bf21d60,500.997944232,EOA,EOA
2021-09-24 15:01:34+00:00,0x3229149012a035ef51d724e0343eb31ce3e4bb7d,0x28c6c06298d514db089934071355e5743bf21d60,1314.241781112,EOA,EOA
2021-09-24 15:01:48+00:00,0x22f1e4fa15c3c1dda5264234117975eaaca1fdf2,0x28c6c06298d514db089934071355e5743bf21d60,199.991766,EOA,EOA
2021-09-24 15:01:48+00:00,0x2db8a54c3d3b16146efaf7b9a776d94e259c8d80,0x28c6c06298d514db089934071355e5743bf21d60,192.386306,EOA,EOA
2021-09-24 15:01:48+00:00,0x6594c9a52ecceb4189ac859210b3d1073813c3e4,0x4ad64983349c49defe8d7a4686202d24b25d0ce8,599.662149571,EOA,EOA
2021-09-24 15:01:48+00:00,0x2b263f27527f826b2816c349198aea974f9ef065,0x28c6c06298d514db089934071355e5743bf21d60,399.988151588,EOA,EOA
2021-09-24 15:01:48+00:00,0x5077bad139cde8e7865a9f6d4c147c21bb13828e,0x28c6c06298d514db089934071355e5743bf21d60,499.997186,EOA,EOA
2021-09-24 15:02:04+00:00,0x0561a78021d8966ddd20c28c6c4318d8675ee1f0,0xdef1c0ded9bec7f1a1670819833240f027b25eff,80.0,EOA,Contract
2021-09-24 15:02:04+00:00,0xf60c2ea62edbfe808163751dd0d8693dcb30019c,0x88a0a5ead3d4e479c72f882d50197656c08fc9c7,156.88390505,EOA,EOA
2021-09-24 15:02:04+00:00,0xdb46caac7b3264affd23da151d9c8b8aa73357c5,0x85672b996aaa6383da6518ea531ae4e415fa4c48,500.0,EOA,EOA
2021-09-24 15:03:35+00:00,0x9696f59e4d72e237be84ffd425dcad154bf96976,0x0000f079e68bbcc79ab9600ace786b0a4db1c83c,2846.995,EOA,EOA
2021-09-24 15:04:15+00:00,0x72883656c0468f5867179444c48fa2fbc3f9f4f2,0x00000000219ab540356cbb839cbe05303d7705fa,32.0,EOA,Contract
2021-09-24 15:04:15+00:00,0x88a0a5ead3d4e479c72f882d50197656c08fc9c7,0x3cd751e6b0078be393132286c442345e5dc49699,156.87995705,EOA,EOA
2021-09-24 15:04:15+00:00,0x72883656c0468f5867179444c48fa2fbc3f9f4f2,0x00000000219ab540356cbb839cbe05303d7705fa,32.0,EOA,Contract
2021-09-24 15:04:54+00:00,0x0000f079e68bbcc79ab9600ace786b0a4db1c83c,0x0000006daea1723962647b7e189d311d757fb793,2847.0000000000005,EOA,Contract
2021-09-24 15:05:27+00:00,0x91fc10644950fa97f5aaba87c793561278f9d883,0x03f34be1bf910116595db1b11e9d1b2ca5d59659,43.1,EOA,Contract
2021-09-24 15:06:18+00:00,0xc333e80ef2dec2805f239e3f1e810612d294f771,0x149ac8445443c07da6dd6f7d480aa47f60a0c474,150.0,EOA,EOA
2021-09-24 15:07:15+00:00,0xce00165a764991fb31795f1efcdeb5c64b60304e,0xfa52274dd61e1643d2205169732f29114bc240b3,35.075362512198524,EOA,Contract
2021-09-24 15:07:24+00:00,0x1ce319261565de6d71c29493c1834d8d3c7d1c45,0x3081497418fa0f329202ffb88029378289726f78,555.1648213330785,EOA,EOA
2021-09-24 15:07:24+00:00,0x58c2cb4a6bee98c309215d0d2a38d7f8aa71211c,0xa93ef39a6b51a81a9b60bc65a2565e425c2a1a6a,200.0,EOA,EOA
2021-09-24 15:07:59+00:00,0xc098b2a3aa256d2140208c3de6543aaef5cd3a94,0x1255f66836d7d9abeb7dffade3d303c5c74f0822,500.0,EOA,EOA
2021-09-24 15:07:59+00:00,0x004346a93b231c73de8b71d53161c75bd67129e5,0x26a5c345dbbdb085db7db2b41b1b6253f224b593,1069.893883369555,EOA,EOA
2021-09-24 15:08:19+00:00,0x8a05a51acf37a69f63c6dda6351fb1887de5d61c,0xe592427a0aece92de3edee1f18e0157c05861564,111.05,EOA,Contract
2021-09-24 15:08:41+00:00,0x9c1e39ed5faf52d178ae83d1d02c19316a2efd0e,0xdd21500eba9c3a054161f3856c1c804953772176,1735.15,EOA,EOA
2021-09-24 15:09:08+00:00,0xa93ef39a6b51a81a9b60bc65a2565e425c2a1a6a,0x876eabf441b2ee5b5b0554fd502a8e0600950cfa,199.99748918,EOA,EOA
2021-09-24 15:09:08+00:00,0x0f3a529a3c1b15ee1fcddad7ff9fab13028cda07,0xcc9a0b7c43dc2a5f023bb9b738e45b0ef6b06e04,100.0,EOA,Contract
2021-09-24 15:09:23+00:00,0x4976a4a02f38326660d17bf34b431dc6e2eb2327,0xf584f8728b874a6a5c7a8d4d387c9aae9172d621,864.0,EOA,EOA
2021-09-24 15:09:28+00:00,0xbf5ae133b9a0fc1a07952a7df2afa21f7f69ef58,0xc02aaa39b223fe8d0a0e5c4f27ead9083c756cc2,39.0,EOA,Contract
2021-09-24 15:09:28+00:00,0xcb2a66540680c344bab5f818d68c3e4b9d57363b,0x00000000219ab540356cbb839cbe05303d7705fa,32.0,EOA,Contract
2021-09-24 15:10:25+00:00,0x28c6c06298d514db089934071355e5743bf21d60,0x4976a4a02f38326660d17bf34b431dc6e2eb2327,20239.88772424,EOA,EOA
2021-09-24 15:10:38+00:00,0x73f8fc2e74302eb2efda125a326655acf0dc2d1b,0xe5782724e87bcd5a1f48737ff6cfeaf875ab5873,299.9891,EOA,EOA
2021-09-24 15:10:38+00:00,0xc098b2a3aa256d2140208c3de6543aaef5cd3a94,0xca3ac4f946b997db24515a7ae7779f2e587d5a26,403.0,EOA,EOA
2021-09-24 15:11:29+00:00,0x0349923ae2b35ff4f0099869aeea99d1f3fd12a9,0xf6b359257c1948a19b04be225aca963415aedb91,349.9974,EOA,Contract
2021-09-24 15:12:06+00:00,0x85672b996aaa6383da6518ea531ae4e415fa4c48,0xdc24316b9ae028f1497c275eb9192a3ea0f67022,500.0,EOA,Contract
2021-09-24 15:12:06+00:00,0x4230c402c08cb66dcf3820649a115e54661fce9d,0x1db92e2eebc8e0c075a02bea49a2935bcd2dfcf4,63.80210492000877,EOA,Contract
2021-09-24 15:13:10+00:00,0xca3ac4f946b997db24515a7ae7779f2e587d5a26,0x3cd751e6b0078be393132286c442345e5dc49699,402.99723023908,EOA,EOA
2021-09-24 15:13:26+00:00,0x56eddb7aa87536c09ccc2793473599fd21a8b17f,0xfa103c21ea2df71dfb92b0652f8b1d795e51cdef,1302.6967,EOA,Contract
2021-09-24 15:13:26+00:00,0x36ad8f88d7a497347c7b5c670c5374cdc56e8a14,0x722122df12d4e14e13ac3b6895a86e84145b6967,100.0,EOA,Contract
2021-09-24 15:13:26+00:00,0x28c6c06298d514db089934071355e5743bf21d60,0x6594c9a52ecceb4189ac859210b3d1073813c3e4,299.845,EOA,EOA
2021-09-24 15:15:06+00:00,0x856ea66458ca066f6113f0a13e5b1bd78c5ec380,0xc36442b4a4522e871399cd717abdd847ab11fe88,459.0,EOA,Contract
2021-09-24 15:15:16+00:00,0xaa1076090ed9021d3a39b78c6ac4308bd59fdc00,0xe592427a0aece92de3edee1f18e0157c05861564,60.0,EOA,Contract
2021-09-24 15:15:39+00:00,0xa7efae728d2936e78bda97dc267687568dd593f3,0x6b06eb7aef2d2515cc2385f141154fc266057fb8,450.0,EOA,Contract
2021-09-24 15:15:45+00:00,0x43becd97249057dfe944ea78c07eb9ff226fb589,0xad85615c3b2d1a8c52479deca92cf0f1bae7e5fb,256.0,EOA,Contract
2021-09-24 15:17:39+00:00,0x55e1490a1878d0b61811726e2cb96560022e764c,0xc02aaa39b223fe8d0a0e5c4f27ead9083c756cc2,150.0,EOA,Contract
2021-09-24 15:17:39+00:00,0x658dd79a72f982bba6178539e6669c1518a370e4,0x5483e1fed54d76951b8292bfb5368120bf511c68,178.9907495,EOA,EOA
2021-09-24 15:18:14+00:00,0xa12431d0b9db640034b0cdfceef9cce161e62be4,0x59a5208b32e627891c389ebafc644145224006e8,190.0,EOA,EOA
2021-09-24 15:18:14+00:00,0x2b97ba59fd099cd48b4a3c8da0d975ccf5e76e7f,0xc333e80ef2dec2805f239e3f1e810612d294f771,513.0,EOA,EOA
2021-09-24 15:18:22+00:00,0xc6667fbc8bc22a23bf9c7b30e8506df44b08a6ab,0xdef1c0ded9bec7f1a1670819833240f027b25eff,400.0,EOA,Contract
2021-09-24 15:18:28+00:00,0x28c6c06298d514db089934071355e5743bf21d60,0xba61758b017c1f6c71bc67efd981ad430269d7b0,724.12196,EOA,EOA
2021-09-24 15:18:35+00:00,0x5483e1fed54d76951b8292bfb5368120bf511c68,0xc098b2a3aa256d2140208c3de6543aaef5cd3a94,178.987895285,EOA,EOA
2021-09-24 15:18:35+00:00,0x0d0707963952f2fba59dd06f2b425ace40b492fe,0xedc7001e99a37c3d23b5f7974f837387e09f9c93,699.989,EOA,EOA
2021-09-24 15:18:35+00:00,0xdc14be3d76deb3031e768429d125a560f298ed97,0xbaf78688ba78d55f0d913c790855102684190d41,50.0,EOA,Contract
2021-09-24 15:18:51+00:00,0x78f4529554137a9015dc653758ab600abc2ffd48,0x533d480e0a2226139db7cc796b0062c40664e833,350.0,EOA,EOA
2021-09-24 15:18:51+00:00,0x78f4529554137a9015dc653758ab600abc2ffd48,0x6046a269d911ce6f24ce2455b69b29fceb5eac8e,200.0,EOA,EOA
2021-09-24 15:19:16+00:00,0xcbc98b656312eec3d7a1224efedb5b6119faf974,0xfa52274dd61e1643d2205169732f29114bc240b3,63.90300110288934,EOA,Contract
2021-09-24 15:19:16+00:00,0x9bb91b9ac665c6d9a53cf9179d2db0f4ef7572cb,0x0084dfd7202e5f5c0c8be83503a492837ca3e95e,292.03401022,EOA,EOA
2021-09-24 15:19:16+00:00,0xedc7001e99a37c3d23b5f7974f837387e09f9c93,0x3cd751e6b0078be393132286c442345e5dc49699,699.9882152319709,EOA,EOA
2021-09-24 15:19:25+00:00,0xaeee0f86a109adea9b632e41d903e9edcab4f8e6,0x0d0707963952f2fba59dd06f2b425ace40b492fe,200.00502823134286,EOA,EOA
2021-09-24 15:20:00+00:00,0xc0410b0ad4912d3e1d832254d08cd81d68bc584c,0xc333e80ef2dec2805f239e3f1e810612d294f771,787.1,EOA,EOA
2021-09-24 15:20:45+00:00,0x1dc290108e1a60e6ad5ed540ee4cf3ddd6376d74,0xb5cebb87ff1a48ca28abc25b4584ff5148d1808e,1259.4975240783765,EOA,EOA
2021-09-24 15:21:09+00:00,0xaa1076090ed9021d3a39b78c6ac4308bd59fdc00,0xe592427a0aece92de3edee1f18e0157c05861564,54.0,EOA,Contract
2021-09-24 15:21:55+00:00,0xc6667fbc8bc22a23bf9c7b30e8506df44b08a6ab,0xdef1c0ded9bec7f1a1670819833240f027b25eff,400.0,EOA,Contract
2021-09-24 15:22:23+00:00,0xbde9113a26c8ff7c517e9afc4f7019e276cd527d,0x1485e9852ac841b52ed44d573036429504f4f602,33.407483157437525,EOA,Contract
2021-09-24 15:22:52+00:00,0x78f87cc02fa8a0ac98fbf66cebfb27260ecee60b,0xa2569370a9d4841c9a62fc51269110f2eb7e0171,1100.0,EOA,Contract
2021-09-24 15:23:11+00:00,0x27e9f4748a2eb776be193a1f7dec2bb6daafe9cf,0x3a86e4e9f3c1f9a0666504788731c7700a747689,194.93263192,EOA,EOA
2021-09-24 15:23:11+00:00,0x79457a036ba1c59399353233c765f004e7c06adf,0xb47e3cd837ddf8e4c57f05d70ab865de6e193bbb,280.0,EOA,Contract
2021-09-24 15:24:57+00:00,0x9696f59e4d72e237be84ffd425dcad154bf96976,0xa97ceca3dbb8ab825e73063924e38f4040efa031,300.0,EOA,EOA
2021-09-24 15:25:34+00:00,0xc098b2a3aa256d2140208c3de6543aaef5cd3a94,0xd39b3ccf9ecac0c8013ea30700dea9c6c539ae49,350.9975,EOA,EOA
2021-09-24 15:25:34+00:00,0xba61758b017c1f6c71bc67efd981ad430269d7b0,0x0f04787b0c8e10c99432afd165a43950a9e57d41,724.22,EOA,EOA
2021-09-24 15:25:34+00:00,0xf66852bc122fd40bfecc63cd48217e88bda12109,0xedc7001e99a37c3d23b5f7974f837387e09f9c93,690.0,EOA,EOA
2021-09-24 15:26:05+00:00,0x91fdc60e621a00e04badb44813db8f27f450af15,0x5b990c664ae7e759763acfec76e11c289c53be77,1199.9899557978863,EOA,EOA
2021-09-24 15:26:10+00:00,0x27e9f4748a2eb776be193a1f7dec2bb6daafe9cf,0x7c5fcf4a9ae8fb8570ddea073457c9855d9c1cf5,315.1177,EOA,EOA
2021-09-24 15:26:52+00:00,0x5f397b62502e255f68382791947d54c4b2d37f09,0xbdea7a9a536ae525a71a70d308d0ba00899d64e3,1500.0,EOA,Contract
2021-09-24 15:26:52+00:00,0x73f8fc2e74302eb2efda125a326655acf0dc2d1b,0xa93ef39a6b51a81a9b60bc65a2565e425c2a1a6a,200.0,EOA,EOA
2021-09-24 15:27:39+00:00,0x58f56615180a8eea4c462235d9e215f72484b4a3,0x6277f6034086dbf25ac2683aa42688d2e53119e4,1300.0,EOA,Contract
2021-09-24 15:28:01+00:00,0x7c5fcf4a9ae8fb8570ddea073457c9855d9c1cf5,0xb5d85cbf7cb3ee0d56b3bb207d5fc4b82f43f511,315.11643139945244,EOA,EOA
2021-09-24 15:28:01+00:00,0xd7ecfad234426593a57ab82cac6026082d521188,0x8d7ef98d3122a0fb95bc5c93470c7bf708e69a03,300.0,EOA,EOA
2021-09-24 15:28:01+00:00,0xedc7001e99a37c3d23b5f7974f837387e09f9c93,0xb5d85cbf7cb3ee0d56b3bb207d5fc4b82f43f511,689.9984070517755,EOA,EOA
2021-09-24 15:28:48+00:00,0xb5d85cbf7cb3ee0d56b3bb207d5fc4b82f43f511,0x5ce1d8a6b52bb3c4e44651cc3e38856973a55e0a,395.7663207455362,EOA,EOA
2021-09-24 15:28:48+00:00,0xa93ef39a6b51a81a9b60bc65a2565e425c2a1a6a,0x876eabf441b2ee5b5b0554fd502a8e0600950cfa,199.99730532,EOA,EOA
2021-09-24 15:28:48+00:00,0xb5d85cbf7cb3ee0d56b3bb207d5fc4b82f43f511,0x5ce1d8a6b52bb3c4e44651cc3e38856973a55e0a,388.91854583211057,EOA,EOA
